"","NR","WR","SR","ER","NER","All India"
"Coal","447","1171","506","413","14","2549"
"Lignite","21","10","41","0","0","72"
"Hydro","309","25","54","118","31","537"
"Nuclear","27","31","60","0","0","118"
"Gas, Naptha & Diesel","16","50","12","0","29","107"
"RES (Wind, Solar, Biomass & Others)","79","140","232","2","0","452"
"Total","899","1426","905","533","74","3836"
