"","NR","WR","SR","ER","NER","All India"
"Coal","487","1262","599","467","10","2825"
"Lignite","23","17","53","0","0","93"
"Hydro","189","32","72","47","3","342"
"Nuclear","23","30","34","0","0","86"
"Gas, Naptha & Diesel","30","56","16","0","27","129"
"RES (Wind, Solar, Biomass & Others)","73","114","162","1","0","350"
"Total","825","1511","935","515","40","3826"
