"","NR","WR","SR","ER","NER","All India"
"Coal","584","1163","483","431","9","2670"
"Lignite","25","14","53","0","0","92"
"Hydro","113","31","78","28","8","257"
"Nuclear","24","31","32","0","0","87"
"Gas, Naptha & Diesel","37","56","20","0","29","142"
"RES (Wind, Solar, Biomass & Others)","57","46","157","1","0","260"
"Total","840","1341","822","460","45","3509"
