"","NR","WR","SR","ER","NER","All India"
"Coal","513","992","426","378","12","2320"
"Lignite","20","11","43","0","0","74"
"Hydro","191","101","158","122","16","590"
"Nuclear","28","29","60","0","0","117"
"Gas, Naptha & Diesel","36","69","15","0","23","144"
"RES (Wind, Solar, Biomass & Others)","45","40","108","2","0","195"
"Total","833","1244","809","502","52","3439"
