"","NR","WR","SR","ER","NER","All India"
"Coal","532","1089","449","425","8","2502"
"Lignite","21","15","51","0","0","87"
"Hydro","163","68","151","100","12","494"
"Nuclear","28","29","37","0","0","93"
"Gas, Naptha & Diesel","28","75","13","0","23","140"
"RES (Wind, Solar, Biomass & Others)","41","58","112","2","0","214"
"Total","814","1334","812","526","44","3530"
