"","NR","WR","SR","ER","NER","All India"
"Coal","486","1000","436","353","9","2284"
"Lignite","20","12","41","0","0","73"
"Hydro","358","107","143","123","20","751"
"Nuclear","27","31","55","0","0","113"
"Gas, Naptha & Diesel","41","42","15","0","23","121"
"RES (Wind, Solar, Biomass & Others)","83","107","255","2","0","447"
"Total","1015","1300","945","478","53","3791"
