"","NR","WR","SR","ER","NER","All India"
"Thermal (Coal & Lignite)","410","963","443","402","8","2226"
"Hydro","295","26","124","107","24","576"
"Nuclear","27","30","57","0","0","115"
"Gas, Naptha & Diesel","11","38","25","0","25","99"
"RES (Wind, Solar, Biomass & Others)","62","166","277","1","0","506"
"Total","806","1222","926","510","58","3521"
