"","NR","WR","SR","ER","NER","All India"
"Coal","503","1107","450","423","9","2491"
"Lignite","20","14","36","0","0","70"
"Hydro","357","19","48","110","32","566"
"Nuclear","27","30","55","0","0","112"
"Gas, Naptha & Diesel","31","43","11","0","26","111"
"RES (Wind, Solar, Biomass & Others)","108","187","235","2","0","533"
"Total","1046","1401","835","535","67","3883"
