"","NR","WR","SR","ER","NER","Total"
"Thermal (Coal & Lignite)","542","1118","578","377","5","2620"
"Hydro","134","21","88","66","22","331"
"Nuclear","33","16","48","0","0","97"
"Gas, Naptha & Diesel","36","68","22","0","23","149"
"RES (Wind, Solar, Biomass & Others)","17","27","93","1","0","139"
"Total","762","1250","830","445","50","3337"
