"","NR","WR","SR","ER","NER","All India"
"Coal","599","1195","504","440","13","2751"
"Lignite","20","15","35","0","0","70"
"Hydro","336","11","34","85","18","484"
"Nuclear","27","31","51","0","0","109"
"Gas, Naptha & Diesel","48","59","15","0","28","150"
"RES (Wind, Solar, Biomass & Others)","63","90","272","2","0","427"
"Total","1093","1400","910","528","59","3990"
