"","NR","WR","SR","ER","NER","All India"
"Coal","301","901","337","407","8","1955"
"Lignite","22","11","49","0","0","81"
"Hydro","171","48","86","51","4","360"
"Nuclear","23","37","46","0","0","105"
"Gas, Naptha & Diesel","24","70","20","0","29","143"
"RES (Wind, Solar, Biomass & Others)","100","94","143","5","0","342"
"Total","641","1161","680","463","41","2987"
