"","NR","WR","SR","ER","NER","All India"
"Coal","589","1180","477","427","7","2679"
"Lignite","22","20","56","0","0","98"
"Hydro","114","24","74","30","7","249"
"Nuclear","24","31","32","0","0","87"
"Gas, Naptha & Diesel","32","44","17","0","30","124"
"RES (Wind, Solar, Biomass & Others)","61","46","154","1","0","262"
"Total","843","1344","810","458","44","3499"
