"","NR","WR","SR","ER","NER","Total"
"Thermal (Coal & Lignite)","632","1136","551","339","5","2663"
"Hydro","211","36","79","105","25","457"
"Nuclear","33","16","40","0","0","90"
"Gas, Naptha & Diesel","67","70","17","0","25","178"
"RES (Wind, Solar, Biomass & Others)","14","47","85","1","0","148"
"Total","957","1304","773","445","56","3535"
