"","NR","WR","SR","ER","NER","All India"
"Coal","555","998","419","370","12","2353"
"Lignite","20","12","46","0","0","78"
"Hydro","319","20","52","126","27","543"
"Nuclear","27","31","60","0","0","119"
"Gas, Naptha & Diesel","30","40","14","0","29","114"
"RES (Wind, Solar, Biomass & Others)","55","182","285","2","0","525"
"Total","1007","1283","877","498","68","3731"
