"","NR","WR","SR","ER","NER","All India"
"Coal","480","1210","533","420","11","2654"
"Lignite","22","12","50","0","0","85"
"Hydro","121","62","84","30","5","301"
"Nuclear","24","33","39","0","0","96"
"Gas, Naptha & Diesel","31","41","18","0","23","113"
"RES (Wind, Solar, Biomass & Others)","77","86","165","2","0","329"
"Total","754","1443","889","452","39","3577"
