"","NR","WR","SR","ER","NER","All India"
"Thermal (Coal & Lignite)","625","1176","584","344","4","2734"
"Hydro","257","52","98","106","23","535"
"Nuclear","23","27","29","0","0","80"
"Gas, Naptha & Diesel","38","73","24","0","24","159"
"RES (Wind, Solar, Biomass & Others)","48","39","114","1","0","203"
"Total","992","1368","849","451","51","3711"
