"","NR","WR","SR","ER","NER","Total"
"Thermal (Coal & Lignite)","604","1115","568","394","6","2686"
"Hydro","257","63","61","108","26","515"
"Nuclear","28","3","44","0","0","75"
"Gas, Naptha & Diesel","67","75","17","0","23","182"
"RES (Wind, Solar, Biomass & Others)","18","27","126","1","0","172"
"Total","973","1284","815","503","55","3630"
