"","NR","WR","SR","ER","NER","All India"
"Coal","466","838","341","327","5","1978"
"Lignite","16","7","36","0","0","59"
"Hydro","350","99","125","124","24","722"
"Nuclear","27","29","27","0","0","83"
"Gas, Naptha & Diesel","27","35","16","0","25","103"
"RES (Wind, Solar, Biomass & Others)","45","108","252","2","0","407"
"Total","931","1117","795","454","54","3351"
