"","NR","WR","SR","ER","NER","All India"
"Coal","483","953","401","334","5","2176"
"Lignite","25","13","39","0","0","77"
"Hydro","279","113","145","127","28","691"
"Nuclear","27","28","60","0","0","115"
"Gas, Naptha & Diesel","39","63","17","0","27","146"
"RES (Wind, Solar, Biomass & Others)","49","41","134","1","0","225"
"Total","903","1209","796","462","60","3430"
