"","NR","WR","SR","ER","NER","All India"
"Coal","549","1099","455","392","8","2502"
"Lignite","22","16","58","0","0","96"
"Hydro","119","33","71","26","7","256"
"Nuclear","24","19","36","0","0","80"
"Gas, Naptha & Diesel","20","39","22","0","29","110"
"RES (Wind, Solar, Biomass & Others)","60","77","124","1","0","262"
"Total","795","1283","766","418","43","3306"
