"","NR","WR","SR","ER","NER","All India"
"Coal","500","1184","467","427","15","2593"
"Lignite","24","11","43","0","0","78"
"Hydro","114","56","95","33","9","307"
"Nuclear","29","28","40","0","0","97"
"Gas, Naptha & Diesel","22","35","18","0","22","97"
"RES (Wind, Solar, Biomass & Others)","56","92","167","1","0","316"
"Total","745","1405","830","462","45","3487"
