"","NR","WR","SR","ER","NER","All India"
"Thermal (Coal & Lignite)","577","1140","503","429","10","2659"
"Hydro","314","10","27","76","18","445"
"Nuclear","28","30","45","0","0","104"
"Gas, Naptha & Diesel","30","49","8","0","22","108"
"RES (Wind, Solar, Biomass & Others)","69","145","248","1","0","463"
"Total","1019","1374","832","506","50","3779"
