"","NR","WR","SR","ER","NER","All India"
"Coal","413","1075","381","429","12","2309"
"Lignite","22","16","38","0","0","76"
"Hydro","128","45","82","39","9","303"
"Nuclear","24","25","50","0","0","100"
"Gas, Naptha & Diesel","25","50","15","0","24","115"
"RES (Wind, Solar, Biomass & Others)","71","115","130","2","0","319"
"Total","683","1327","696","471","45","3222"
