"","NR","WR","SR","ER","NER","All India"
"Coal","455","1016","370","375","7","2223"
"Lignite","17","15","51","0","0","82"
"Hydro","157","58","137","93","11","457"
"Nuclear","28","29","47","0","0","103"
"Gas, Naptha & Diesel","26","68","15","0","22","130"
"RES (Wind, Solar, Biomass & Others)","46","58","100","2","0","206"
"Total","729","1244","718","471","40","3202"
