"","NR","WR","SR","ER","NER","All India"
"Coal","395","1090","423","414","12","2334"
"Lignite","21","13","38","0","0","72"
"Hydro","134","52","86","40","9","320"
"Nuclear","29","28","54","0","0","110"
"Gas, Naptha & Diesel","15","54","16","0","22","107"
"RES (Wind, Solar, Biomass & Others)","82","96","150","2","0","328"
"Total","675","1333","766","455","43","3272"
