"","NR","WR","SR","ER","NER","All India"
"Thermal (Coal & Lignite)","696","1157","572","463","11","2900"
"Hydro","265","10","64","80","23","443"
"Nuclear","27","30","46","0","0","104"
"Gas, Naptha & Diesel","53","56","12","0","20","141"
"RES (Wind, Solar, Biomass & Others)","59","96","227","1","0","383"
"Total","1101","1349","922","545","54","3971"
