"","NR","WR","SR","ER","NER","All India"
"Coal","650","1090","485","385","11","2621"
"Lignite","19","8","45","0","0","73"
"Hydro","371","113","107","141","19","751"
"Nuclear","27","31","55","0","0","114"
"Gas, Naptha & Diesel","39","58","17","0","22","135"
"RES (Wind, Solar, Biomass & Others)","46","58","264","2","0","370"
"Total","1152","1359","974","528","51","4064"
