"","NR","WR","SR","ER","NER","All India"
"Thermal (Coal & Lignite)","453","1069","553","391","9","2475"
"Hydro","345","66","162","116","24","714"
"Nuclear","18","27","19","0","0","65"
"Gas, Naptha & Diesel","24","49","20","0","18","110"
"RES (Wind, Solar, Biomass & Others)","48","64","143","1","0","256"
"Total","888","1276","898","508","50","3620"
