"","NR","WR","SR","ER","NER","All India"
"Coal","557","988","367","399","7","2318"
"Lignite","19","8","42","0","0","69"
"Hydro","350","104","133","107","23","716"
"Nuclear","27","31","53","0","0","111"
"Gas, Naptha & Diesel","34","57","15","0","28","133"
"RES (Wind, Solar, Biomass & Others)","63","88","279","2","0","432"
"Total","1049","1275","889","508","57","3779"
