"","NR","WR","SR","ER","NER","All India"
"Coal","469","882","385","350","6","2091"
"Lignite","16","6","38","0","0","60"
"Hydro","359","106","127","129","23","744"
"Nuclear","28","29","58","0","0","115"
"Gas, Naptha & Diesel","26","37","16","0","21","101"
"RES (Wind, Solar, Biomass & Others)","59","137","249","2","0","447"
"Total","957","1197","872","481","51","3558"
