"","NR","WR","SR","ER","NER","All India"
"Coal","513","938","339","318","11","2118"
"Lignite","18","13","41","0","0","71"
"Hydro","346","22","117","105","24","614"
"Nuclear","27","31","55","0","0","113"
"Gas, Naptha & Diesel","33","45","16","0","27","121"
"RES (Wind, Solar, Biomass & Others)","61","170","288","2","0","521"
"Total","998","1218","855","426","62","3558"
