"","NR","WR","SR","ER","NER","All India"
"Coal","568","1161","452","425","5","2611"
"Lignite","23","17","54","0","0","94"
"Hydro","112","32","65","31","8","247"
"Nuclear","24","20","32","0","0","76"
"Gas, Naptha & Diesel","34","40","20","0","29","124"
"RES (Wind, Solar, Biomass & Others)","54","42","165","1","0","261"
"Total","815","1312","788","456","42","3413"
