"","NR","WR","SR","ER","NER","All India"
"Coal","544","1179","492","426","5","2646"
"Lignite","20","18","58","0","0","97"
"Hydro","107","30","73","21","8","238"
"Nuclear","24","31","32","0","0","87"
"Gas, Naptha & Diesel","34","41","19","0","29","123"
"RES (Wind, Solar, Biomass & Others)","57","43","161","1","0","262"
"Total","785","1342","836","449","42","3454"
