"","NR","WR","SR","ER","NER","All India"
"Coal","434","1125","425","425","12","2420"
"Lignite","22","15","52","0","0","89"
"Hydro","127","46","97","47","11","328"
"Nuclear","28","28","55","0","0","111"
"Gas, Naptha & Diesel","21","61","15","0","25","123"
"RES (Wind, Solar, Biomass & Others)","61","50","164","2","0","278"
"Total","694","1325","808","473","49","3348"
