"","NR","WR","SR","ER","NER","All India"
"Thermal (Coal & Lignite)","576","1098","479","407","9","2569"
"Hydro","337","21","109","109","28","603"
"Nuclear","27","27","24","0","0","79"
"Gas, Naptha & Diesel","23","43","24","0","25","115"
"RES (Wind, Solar, Biomass & Others)","76","171","295","1","0","543"
"Total","1039","1361","929","516","62","3908"
