"","NR","WR","SR","ER","NER","All India"
"Coal","514","1285","613","510","13","2935"
"Lignite","26","15","55","0","0","96"
"Hydro","197","31","93","41","5","366"
"Nuclear","24","31","34","0","0","89"
"Gas, Naptha & Diesel","29","59","17","0","20","125"
"RES (Wind, Solar, Biomass & Others)","66","73","150","1","0","291"
"Total","856","1493","961","552","38","3900"
