"","NR","WR","SR","ER","NER","All India"
"Coal","559","1323","591","473","12","2959"
"Lignite","22","16","50","0","0","87"
"Hydro","260","40","86","71","5","462"
"Nuclear","28","29","36","0","0","93"
"Gas, Naptha & Diesel","30","49","15","0","28","123"
"RES (Wind, Solar, Biomass & Others)","63","103","143","1","0","310"
"Total","961","1561","921","545","45","4034"
