"","NR","WR","SR","ER","NER","All India"
"Coal","422","1106","385","418","12","2343"
"Lignite","23","16","41","0","0","79"
"Hydro","130","51","69","38","8","296"
"Nuclear","24","28","51","0","0","103"
"Gas, Naptha & Diesel","24","51","15","0","23","114"
"RES (Wind, Solar, Biomass & Others)","65","99","167","2","0","333"
"Total","688","1350","728","458","44","3268"
