"","NR","WR","SR","ER","NER","All India"
"Coal","662","1318","586","479","16","3060"
"Lignite","25","14","46","0","0","85"
"Hydro","259","21","47","75","16","418"
"Nuclear","27","31","58","0","0","116"
"Gas, Naptha & Diesel","49","53","14","0","29","146"
"RES (Wind, Solar, Biomass & Others)","61","129","189","1","0","380"
"Total","1083","1566","940","556","61","4205"
