"","NR","WR","SR","ER","NER","All India"
"Thermal (Coal & Lignite)","568","1135","353","385","4","2444"
"Hydro","305","21","143","96","23","588"
"Nuclear","27","27","24","0","0","78"
"Gas, Naptha & Diesel","18","37","24","0","26","105"
"RES (Wind, Solar, Biomass & Others)","67","148","306","1","0","522"
"Total","984","1368","851","482","53","3738"
