"","NR","WR","SR","ER","NER","Total"
"Thermal (Coal & Lignite)","566","1119","448","359","4","2495"
"Hydro","165","18","93","96","25","396"
"Nuclear","33","16","42","0","0","90"
"Gas, Naptha & Diesel","46","60","17","0","26","148"
"RES (Wind, Solar, Biomass & Others)","17","29","147","1","0","194"
"Total","826","1242","747","455","54","3324"
