"","NR","WR","SR","ER","NER","All India"
"Coal","448","985","331","364","10","2138"
"Lignite","16","15","52","0","0","83"
"Hydro","154","51","140","82","11","438"
"Nuclear","28","29","60","0","0","117"
"Gas, Naptha & Diesel","25","56","15","0","23","120"
"RES (Wind, Solar, Biomass & Others)","44","87","130","1","0","263"
"Total","716","1223","728","447","44","3158"
