"","NR","WR","SR","ER","NER","All India"
"Thermal (Coal & Lignite)","594","1226","526","413","7","2766"
"Hydro","170","31","72","71","16","360"
"Nuclear","24","27","23","0","0","74"
"Gas, Naptha & Diesel","30","44","24","0","26","125"
"RES (Wind, Solar, Biomass & Others)","45","37","125","1","0","208"
"Total","862","1366","771","485","50","3533"
