"","NR","WR","SR","ER","NER","All India"
"Coal","544","1187","491","452","9","2683"
"Lignite","17","16","50","0","0","82"
"Hydro","111","33","81","21","5","251"
"Nuclear","23","31","36","0","0","90"
"Gas, Naptha & Diesel","20","36","18","0","26","101"
"RES (Wind, Solar, Biomass & Others)","59","55","173","1","0","288"
"Total","774","1358","849","474","41","3495"
