"","NR","WR","SR","ER","NER","All India"
"Coal","519","1277","603","468","13","2880"
"Lignite","21","16","56","0","0","94"
"Hydro","199","39","81","54","3","375"
"Nuclear","23","30","32","0","0","85"
"Gas, Naptha & Diesel","31","58","16","0","29","134"
"RES (Wind, Solar, Biomass & Others)","76","87","160","2","0","326"
"Total","869","1507","949","523","46","3894"
