"","NR","WR","SR","ER","NER","All India"
"Coal","616","911","411","379","5","2322"
"Lignite","18","10","43","0","0","71"
"Hydro","345","106","171","144","24","790"
"Nuclear","27","30","60","0","0","118"
"Gas, Naptha & Diesel","41","52","16","0","20","129"
"RES (Wind, Solar, Biomass & Others)","76","116","216","2","0","410"
"Total","1123","1225","918","525","48","3839"
