"","NR","WR","SR","ER","NER","All India"
"Coal","567","1271","507","466","12","2824"
"Lignite","15","12","46","0","0","73"
"Hydro","265","33","55","80","10","443"
"Nuclear","28","31","37","0","0","95"
"Gas, Naptha & Diesel","35","44","16","0","28","123"
"RES (Wind, Solar, Biomass & Others)","79","151","225","2","0","456"
"Total","988","1542","885","549","50","4014"
