"","NR","WR","SR","ER","NER","All India"
"Thermal (Coal & Lignite)","569","1239","576","401","11","2796"
"Hydro","147","28","98","66","14","352"
"Nuclear","24","29","43","0","0","97"
"Gas, Naptha & Diesel","59","78","24","0","27","189"
"RES (Wind, Solar, Biomass & Others)","41","71","138","1","0","252"
"Total","841","1446","879","468","52","3686"
