"","NR","WR","SR","ER","NER","All India"
"Coal","464","1136","552","418","8","2578"
"Lignite","18","16","55","0","0","89"
"Hydro","131","25","65","31","3","255"
"Nuclear","24","31","36","0","0","91"
"Gas, Naptha & Diesel","26","41","18","0","28","113"
"RES (Wind, Solar, Biomass & Others)","81","63","152","1","0","297"
"Total","745","1312","877","449","39","3423"
