"","NR","WR","SR","ER","NER","All India"
"Coal","405","1074","606","418","7","2511"
"Lignite","17","16","52","0","0","85"
"Hydro","157","22","68","30","4","280"
"Nuclear","22","31","32","0","0","85"
"Gas, Naptha & Diesel","17","34","17","0","30","97"
"RES (Wind, Solar, Biomass & Others)","78","73","148","1","0","300"
"Total","697","1250","922","449","40","3358"
