"","NR","WR","SR","ER","NER","All India"
"Coal","435","1216","519","471","10","2650"
"Lignite","15","15","51","0","0","81"
"Hydro","187","33","61","53","4","338"
"Nuclear","28","31","37","0","0","96"
"Gas, Naptha & Diesel","23","49","15","0","30","117"
"RES (Wind, Solar, Biomass & Others)","59","83","161","1","0","304"
"Total","747","1426","844","525","44","3585"
