"","NR","WR","SR","ER","NER","All India"
"Coal","401","1112","414","408","12","2347"
"Lignite","20","13","41","0","0","73"
"Hydro","137","47","92","40","9","325"
"Nuclear","29","28","60","0","0","117"
"Gas, Naptha & Diesel","15","54","16","0","25","110"
"RES (Wind, Solar, Biomass & Others)","83","98","154","2","0","337"
"Total","684","1352","777","450","45","3309"
