"","NR","WR","SR","ER","NER","All India"
"Coal","566","1124","457","438","11","2595"
"Lignite","16","14","36","0","0","66"
"Hydro","346","13","56","77","21","513"
"Nuclear","27","28","54","0","0","109"
"Gas, Naptha & Diesel","43","37","14","0","29","124"
"RES (Wind, Solar, Biomass & Others)","93","205","313","2","0","613"
"Total","1092","1420","930","517","61","4020"
