"","NR","WR","SR","ER","NER","All India"
"Coal","409","936","395","344","7","2091"
"Lignite","17","9","39","0","0","65"
"Hydro","362","103","142","127","24","758"
"Nuclear","27","29","55","0","0","111"
"Gas, Naptha & Diesel","32","36","16","0","22","105"
"RES (Wind, Solar, Biomass & Others)","65","112","172","2","0","352"
"Total","913","1225","819","472","53","3482"
