"","NR","WR","SR","ER","NER","All India"
"Coal","620","919","407","397","4","2346"
"Lignite","18","10","45","0","0","73"
"Hydro","355","100","169","143","27","795"
"Nuclear","27","31","60","0","0","119"
"Gas, Naptha & Diesel","41","50","16","0","20","128"
"RES (Wind, Solar, Biomass & Others)","87","109","229","2","0","428"
"Total","1149","1220","926","542","51","3888"
