"","NR","WR","SR","ER","NER","All India"
"Coal","515","1182","509","438","9","2654"
"Lignite","19","15","55","0","0","89"
"Hydro","115","25","80","29","7","257"
"Nuclear","24","28","32","0","0","83"
"Gas, Naptha & Diesel","29","43","18","0","27","118"
"RES (Wind, Solar, Biomass & Others)","50","47","131","1","0","230"
"Total","753","1341","825","468","44","3430"
