"","NR","WR","SR","ER","NER","Total"
"Thermal (Coal & Lignite)","564","1089","593","379","5","2629"
"Hydro","141","19","77","79","24","340"
"Nuclear","33","16","46","0","0","95"
"Gas, Naptha & Diesel","37","53","18","0","24","132"
"RES (Wind, Solar, Biomass & Others)","7","51","78","1","0","136"
"Total","782","1227","812","459","53","3333"
