"","NR","WR","SR","ER","NER","All India"
"Coal","459","1151","435","414","11","2469"
"Lignite","22","13","45","0","0","79"
"Hydro","124","40","74","30","7","276"
"Nuclear","24","23","45","0","0","92"
"Gas, Naptha & Diesel","32","25","18","0","19","95"
"RES (Wind, Solar, Biomass & Others)","69","91","159","1","0","321"
"Total","730","1342","775","445","37","3331"
