"","NR","WR","SR","ER","NER","All India"
"Coal","464","1183","495","450","13","2605"
"Lignite","22","15","49","0","0","86"
"Hydro","132","45","86","37","7","309"
"Nuclear","25","19","40","0","0","83"
"Gas, Naptha & Diesel","33","39","17","0","22","111"
"RES (Wind, Solar, Biomass & Others)","58","82","170","2","0","312"
"Total","735","1383","857","489","42","3505"
