"","NR","WR","SR","ER","NER","All India"
"Coal","465","1209","522","458","10","2664"
"Lignite","20","16","53","0","0","89"
"Hydro","170","37","72","27","3","309"
"Nuclear","23","31","38","0","0","93"
"Gas, Naptha & Diesel","22","41","19","0","29","111"
"RES (Wind, Solar, Biomass & Others)","64","59","193","1","0","317"
"Total","765","1393","897","486","42","3583"
