"","NR","WR","SR","ER","NER","All India"
"Coal","455","911","417","362","8","2152"
"Lignite","15","13","48","0","0","76"
"Hydro","212","102","153","138","25","630"
"Nuclear","26","31","55","0","0","112"
"Gas, Naptha & Diesel","26","79","16","0","28","148"
"RES (Wind, Solar, Biomass & Others)","63","49","122","2","0","235"
"Total","796","1185","810","502","60","3353"
