"","NR","WR","SR","ER","NER","All India"
"Thermal (Coal & Lignite)","553","1161","612","382","5","2712"
"Hydro","331","78","125","131","29","694"
"Nuclear","23","27","19","0","0","69"
"Gas, Naptha & Diesel","25","65","22","0","20","132"
"RES (Wind, Solar, Biomass & Others)","71","76","131","2","0","280"
"Total","1003","1408","908","514","54","3887"
