"","NR","WR","SR","ER","NER","All India"
"Coal","451","1196","577","437","8","2669"
"Lignite","19","16","45","0","0","80"
"Hydro","145","24","80","30","3","282"
"Nuclear","27","31","40","0","0","98"
"Gas, Naptha & Diesel","21","38","18","0","30","107"
"RES (Wind, Solar, Biomass & Others)","66","87","154","1","0","308"
"Total","729","1392","914","468","41","3544"
