"","NR","WR","SR","ER","NER","All India"
"Thermal (Coal & Lignite)","438","1016","471","372","7","2304"
"Hydro","357","46","182","112","25","722"
"Nuclear","28","27","19","0","0","74"
"Gas, Naptha & Diesel","14","29","23","0","17","82"
"RES (Wind, Solar, Biomass & Others)","54","111","208","1","0","374"
"Total","891","1228","902","485","49","3555"
