"","NR","WR","SR","ER","NER","All India"
"Coal","508","1304","570","462","11","2855"
"Lignite","18","15","53","0","0","85"
"Hydro","242","42","74","59","6","422"
"Nuclear","27","27","36","0","0","91"
"Gas, Naptha & Diesel","36","44","16","0","28","124"
"RES (Wind, Solar, Biomass & Others)","84","88","153","2","0","328"
"Total","915","1520","902","523","44","3905"
