"","NR","WR","SR","ER","NER","All India"
"Coal","521","1275","628","462","15","2901"
"Lignite","24","17","55","0","0","96"
"Hydro","197","51","78","57","4","388"
"Nuclear","20","29","32","0","0","82"
"Gas, Naptha & Diesel","32","62","17","0","30","141"
"RES (Wind, Solar, Biomass & Others)","74","84","151","1","0","310"
"Total","869","1518","962","521","50","3919"
