"","NR","WR","SR","ER","NER","All India"
"Coal","477","1151","487","443","10","2569"
"Lignite","22","15","49","0","0","85"
"Hydro","125","41","77","27","5","274"
"Nuclear","22","33","40","0","0","94"
"Gas, Naptha & Diesel","25","33","18","0","20","97"
"RES (Wind, Solar, Biomass & Others)","70","46","152","2","0","270"
"Total","739","1319","823","472","36","3389"
