"","NR","WR","SR","ER","NER","All India"
"Coal","347","1113","534","495","12","2501"
"Lignite","21","14","50","0","0","86"
"Hydro","141","61","91","36","4","332"
"Nuclear","24","37","60","0","0","121"
"Gas, Naptha & Diesel","31","75","18","0","23","146"
"RES (Wind, Solar, Biomass & Others)","81","122","173","2","0","377"
"Total","644","1422","925","533","39","3563"
