"","NR","WR","SR","ER","NER","All India"
"Thermal (Coal & Lignite)","703","1079","490","433","8","2712"
"Hydro","278","9","50","79","25","441"
"Nuclear","26","29","46","0","0","102"
"Gas, Naptha & Diesel","45","42","14","0","22","123"
"RES (Wind, Solar, Biomass & Others)","52","131","279","1","0","463"
"Total","1103","1292","878","513","55","3841"
