"","NR","WR","SR","ER","NER","All India"
"Coal","541","1210","510","413","4","2679"
"Lignite","18","16","51","0","0","85"
"Hydro","116","31","81","32","7","266"
"Nuclear","28","19","36","0","0","83"
"Gas, Naptha & Diesel","27","37","23","0","28","116"
"RES (Wind, Solar, Biomass & Others)","61","34","121","1","0","216"
"Total","791","1346","822","446","40","3445"
