"","NR","WR","SR","ER","NER","All India"
"Coal","509","988","460","424","9","2389"
"Lignite","20","12","46","0","0","78"
"Hydro","255","117","156","134","24","686"
"Nuclear","28","28","60","0","0","116"
"Gas, Naptha & Diesel","39","67","16","0","24","146"
"RES (Wind, Solar, Biomass & Others)","44","44","128","2","0","219"
"Total","895","1255","866","559","57","3633"
