"","NR","WR","SR","ER","NER","All India"
"Coal","389","1138","438","413","12","2390"
"Lignite","23","13","40","0","0","76"
"Hydro","132","48","77","41","9","307"
"Nuclear","25","28","58","0","0","111"
"Gas, Naptha & Diesel","27","30","15","0","17","90"
"RES (Wind, Solar, Biomass & Others)","65","59","142","2","0","266"
"Total","660","1315","770","456","38","3240"
