"","NR","WR","SR","ER","NER","All India"
"Coal","401","1171","537","468","11","2589"
"Lignite","23","16","50","0","0","88"
"Hydro","143","42","85","35","4","309"
"Nuclear","23","37","67","0","0","128"
"Gas, Naptha & Diesel","28","67","18","0","23","137"
"RES (Wind, Solar, Biomass & Others)","75","118","150","5","0","349"
"Total","694","1450","908","508","39","3599"
