"","NR","WR","SR","ER","NER","All India"
"Coal","597","1266","632","493","17","3004"
"Lignite","24","14","53","0","0","91"
"Hydro","295","59","64","67","15","499"
"Nuclear","27","31","57","0","0","115"
"Gas, Naptha & Diesel","35","60","15","0","30","141"
"RES (Wind, Solar, Biomass & Others)","42","113","166","1","0","322"
"Total","1021","1543","986","561","61","4171"
