"","NR","WR","SR","ER","NER","All India"
"Coal","523","1292","631","515","16","2977"
"Lignite","27","17","55","0","0","99"
"Hydro","190","29","77","41","5","342"
"Nuclear","23","31","34","0","0","88"
"Gas, Naptha & Diesel","28","58","17","0","21","124"
"RES (Wind, Solar, Biomass & Others)","66","85","152","1","0","304"
"Total","857","1512","966","557","42","3933"
