"","NR","WR","SR","ER","NER","All India"
"Coal","456","1202","529","468","9","2663"
"Lignite","20","17","48","0","0","86"
"Hydro","167","27","73","27","3","296"
"Nuclear","24","31","41","0","0","96"
"Gas, Naptha & Diesel","21","41","19","0","30","110"
"RES (Wind, Solar, Biomass & Others)","66","72","180","1","0","319"
"Total","753","1390","889","496","42","3570"
