"","NR","WR","SR","ER","NER","All India"
"Coal","380","1074","390","396","11","2252"
"Lignite","22","15","23","0","0","60"
"Hydro","132","42","74","34","10","291"
"Nuclear","29","23","50","0","0","102"
"Gas, Naptha & Diesel","15","42","16","0","25","98"
"RES (Wind, Solar, Biomass & Others)","71","83","109","2","0","265"
"Total","650","1280","661","432","46","3068"
