"","NR","WR","SR","ER","NER","All India"
"Thermal (Coal & Lignite)","570","1103","494","419","4","2591"
"Hydro","310","10","56","92","29","496"
"Nuclear","31","30","47","0","0","107"
"Gas, Naptha & Diesel","33","50","15","0","23","121"
"RES (Wind, Solar, Biomass & Others)","79","174","255","1","0","509"
"Total","1023","1366","866","512","56","3824"
