"","NR","WR","SR","ER","NER","All India"
"Coal","484","1209","607","488","10","2797"
"Lignite","26","18","48","0","0","92"
"Hydro","140","25","73","35","4","277"
"Nuclear","28","31","33","0","0","91"
"Gas, Naptha & Diesel","25","42","16","0","29","113"
"RES (Wind, Solar, Biomass & Others)","68","75","152","1","0","297"
"Total","770","1401","930","524","43","3668"
