"","NR","WR","SR","ER","NER","All India"
"Thermal (Coal & Lignite)","647","1204","603","378","5","2838"
"Hydro","256","39","97","115","30","537"
"Nuclear","23","27","36","0","0","87"
"Gas, Naptha & Diesel","34","91","25","0","24","173"
"RES (Wind, Solar, Biomass & Others)","39","41","160","1","0","241"
"Total","999","1402","922","494","59","3876"
