"","NR","WR","SR","ER","NER","All India"
"Thermal (Coal & Lignite)","701","1263","583","384","4","2934"
"Hydro","241","41","91","127","26","525"
"Nuclear","23","25","32","0","0","81"
"Gas, Naptha & Diesel","38","52","25","0","24","139"
"RES (Wind, Solar, Biomass & Others)","67","59","225","1","0","352"
"Total","1069","1440","957","511","53","4031"
