"","NR","WR","SR","ER","NER","All India"
"Coal","643","1080","479","391","11","2604"
"Lignite","20","7","46","0","0","73"
"Hydro","360","97","92","138","17","705"
"Nuclear","27","31","55","0","0","114"
"Gas, Naptha & Diesel","34","58","16","0","21","130"
"RES (Wind, Solar, Biomass & Others)","48","72","294","2","0","416"
"Total","1132","1344","984","532","50","4041"
