"","NR","WR","SR","ER","NER","All India"
"Coal","498","1241","546","470","11","2767"
"Lignite","15","15","44","0","0","74"
"Hydro","266","56","69","70","18","479"
"Nuclear","28","31","45","0","0","104"
"Gas, Naptha & Diesel","25","48","16","0","29","117"
"RES (Wind, Solar, Biomass & Others)","56","118","163","2","0","338"
"Total","887","1509","882","543","59","3880"
