"","NR","WR","SR","ER","NER","All India"
"Coal","362","1104","554","484","11","2515"
"Lignite","19","13","53","0","0","85"
"Hydro","148","42","84","32","5","310"
"Nuclear","24","37","49","0","0","110"
"Gas, Naptha & Diesel","29","73","17","0","22","141"
"RES (Wind, Solar, Biomass & Others)","72","97","164","1","0","335"
"Total","654","1366","921","517","39","G. Sourcewise generation (MU)3496"
