"","NR","WR","SR","ER","NER","All India"
"Coal","457","1006","299","368","11","2141"
"Lignite","18","15","48","0","0","81"
"Hydro","139","58","172","68","13","450"
"Nuclear","28","22","51","0","0","102"
"Gas, Naptha & Diesel","25","39","15","0","24","103"
"RES (Wind, Solar, Biomass & Others)","38","41","111","2","0","191"
"Total","705","1180","697","438","48","3067"
