"","NR","WR","SR","ER","NER","All India"
"Coal","415","1104","431","432","8","2390"
"Lignite","21","16","51","0","0","88"
"Hydro","134","39","98","49","10","331"
"Nuclear","30","28","55","0","0","113"
"Gas, Naptha & Diesel","23","50","16","0","24","113"
"RES (Wind, Solar, Biomass & Others)","49","70","146","2","0","267"
"Total","671","1306","798","483","43","3302"
