"","NR","WR","SR","ER","NER","All India"
"Coal","534","972","373","376","7","2262"
"Lignite","16","8","39","0","0","64"
"Hydro","349","106","136","122","21","733"
"Nuclear","26","31","55","0","0","112"
"Gas, Naptha & Diesel","34","40","15","0","28","117"
"RES (Wind, Solar, Biomass & Others)","62","97","280","2","0","442"
"Total","1022","1254","898","500","56","3729"
