"","NR","WR","SR","ER","NER","All India"
"Thermal (Coal & Lignite)","581","1074","362","426","10","2453"
"Hydro","297","23","160","109","22","611"
"Nuclear","27","27","24","0","0","79"
"Gas, Naptha & Diesel","36","39","23","0","24","122"
"RES (Wind, Solar, Biomass & Others)","39","104","312","1","0","455"
"Total","980","1267","882","536","56","3720"
