"","NR","WR","SR","ER","NER","All India"
"Coal","444","895","306","328","10","1983"
"Lignite","16","11","47","0","0","74"
"Hydro","143","39","154","84","16","435"
"Nuclear","24","29","60","0","0","112"
"Gas, Naptha & Diesel","23","38","15","0","20","96"
"RES (Wind, Solar, Biomass & Others)","53","134","117","1","0","305"
"Total","703","1146","698","413","46","3005"
