"","NR","WR","SR","ER","NER","All India"
"Coal","500","1194","488","454","13","2649"
"Lignite","21","16","55","0","0","92"
"Hydro","118","39","88","34","8","286"
"Nuclear","29","27","44","0","0","101"
"Gas, Naptha & Diesel","34","36","18","0","25","112"
"RES (Wind, Solar, Biomass & Others)","63","110","140","2","0","315"
"Total","765","1422","832","489","46","3555"
