"","NR","WR","SR","ER","NER","All India"
"Thermal (Coal & Lignite)","531","1033","449","366","8","2387"
"Hydro","342","26","184","111","27","690"
"Nuclear","24","27","24","0","0","75"
"Gas, Naptha & Diesel","21","45","22","0","16","105"
"RES (Wind, Solar, Biomass & Others)","65","130","243","0","0","439"
"Total","983","1262","923","477","51","3695"
