"","NR","WR","SR","ER","NER","All India"
"Coal","533","1249","567","474","12","2835"
"Lignite","15","15","48","0","0","78"
"Hydro","252","50","68","67","16","454"
"Nuclear","28","31","35","0","0","94"
"Gas, Naptha & Diesel","28","50","15","0","29","122"
"RES (Wind, Solar, Biomass & Others)","56","121","181","2","0","360"
"Total","912","1516","913","543","58","3942"
