"","NR","WR","SR","ER","NER","All India"
"Thermal (Coal & Lignite)","601","1105","421","397","6","2529"
"Hydro","314","18","123","111","24","589"
"Nuclear","27","27","24","0","0","79"
"Gas, Naptha & Diesel","24","43","24","0","25","115"
"RES (Wind, Solar, Biomass & Others)","85","170","295","1","0","551"
"Total","1051","1362","887","508","56","3864"
