"","NR","WR","SR","ER","NER","All India"
"Coal","496","1310","570","486","12","2875"
"Lignite","25","18","51","0","0","93"
"Hydro","140","41","86","35","3","305"
"Nuclear","24","37","39","0","0","100"
"Gas, Naptha & Diesel","37","62","16","0","22","137"
"RES (Wind, Solar, Biomass & Others)","74","62","181","1","0","317"
"Total","796","1529","943","522","37","3827"
