"","NR","WR","SR","ER","NER","All India"
"Thermal (Coal & Lignite)","595","1280","553","397","8","2834"
"Hydro","160","38","114","79","17","408"
"Nuclear","24","27","35","0","0","86"
"Gas, Naptha & Diesel","39","61","25","0","29","154"
"RES (Wind, Solar, Biomass & Others)","45","41","129","1","0","216"
"Total","863","1447","856","477","54","3698"
