"","NR","WR","SR","ER","NER","All India"
"Coal","598","978","386","430","8","2399"
"Lignite","24","8","48","0","0","81"
"Hydro","367","109","178","137","23","814"
"Nuclear","27","31","60","0","0","119"
"Gas, Naptha & Diesel","44","54","14","0","20","132"
"RES (Wind, Solar, Biomass & Others)","63","77","273","2","0","415"
"Total","1124","1257","959","569","51","3959"
