"","NR","WR","SR","ER","NER","All India"
"Coal","528","1190","493","409","10","2631"
"Lignite","23","16","58","0","0","97"
"Hydro","119","23","71","45","8","266"
"Nuclear","25","19","36","0","0","80"
"Gas, Naptha & Diesel","30","36","26","0","28","120"
"RES (Wind, Solar, Biomass & Others)","59","57","132","1","0","249"
"Total","783","1343","816","455","45","3442"
