"","NR","WR","SR","ER","NER","All India"
"Coal","659","1295","576","456","9","2995"
"Lignite","25","18","45","0","0","87"
"Hydro","306","23","47","67","15","459"
"Nuclear","27","25","58","0","0","110"
"Gas, Naptha & Diesel","51","48","14","0","29","142"
"RES (Wind, Solar, Biomass & Others)","64","120","205","2","0","392"
"Total","1133","1529","946","525","53","4186"
