"","NR","WR","SR","ER","NER","All India"
"Coal","286","818","342","383","10","1838"
"Lignite","17","12","49","0","0","78"
"Hydro","146","36","72","43","3","300"
"Nuclear","28","36","52","0","0","115"
"Gas, Naptha & Diesel","21","76","20","0","29","146"
"RES (Wind, Solar, Biomass & Others)","86","91","121","5","0","303"
"Total","583","1068","657","431","43","2781"
