"","NR","WR","SR","ER","NER","All India"
"Coal","501","1128","494","446","8","2577"
"Lignite","15","18","48","0","0","80"
"Hydro","117","26","63","25","4","235"
"Nuclear","19","31","29","0","0","79"
"Gas, Naptha & Diesel","22","34","17","0","21","93"
"RES (Wind, Solar, Biomass & Others)","69","82","179","1","0","332"
"Total","743","1319","829","472","33","3396"
