"","NR","WR","SR","ER","NER","All India"
"Coal","436","1171","584","436","7","2634"
"Lignite","18","16","47","0","0","81"
"Hydro","144","22","79","28","3","276"
"Nuclear","27","31","36","0","0","93"
"Gas, Naptha & Diesel","20","37","18","0","28","104"
"RES (Wind, Solar, Biomass & Others)","68","76","162","1","0","307"
"Total","713","1354","926","465","39","3495"
