"","NR","WR","SR","ER","NER","All India"
"Thermal (Coal & Lignite)","501","1068","467","393","8","2436"
"Hydro","354","20","99","77","28","578"
"Nuclear","28","27","49","0","0","104"
"Gas, Naptha & Diesel","17","41","21","0","24","103"
"RES (Wind, Solar, Biomass & Others)","79","171","309","0","0","560"
"Total","979","1326","945","471","60","3781"
