"","NR","WR","SR","ER","NER","All India"
"Coal","564","1078","463","413","4","2523"
"Lignite","21","18","51","0","0","90"
"Hydro","116","21","64","25","8","233"
"Nuclear","19","19","36","0","0","74"
"Gas, Naptha & Diesel","30","41","21","0","29","122"
"RES (Wind, Solar, Biomass & Others)","56","74","152","1","0","284"
"Total","806","1252","787","439","41","3326"
