"","NR","WR","SR","ER","NER","Total"
"Thermal (Coal & Lignite)","561","1160","511","389","5","2626"
"Hydro","259","27","91","103","23","502"
"Nuclear","28","3","47","0","0","79"
"Gas, Naptha & Diesel","42","58","17","0","24","142"
"RES (Wind, Solar, Biomass & Others)","23","37","116","1","0","176"
"Total","913","1286","782","493","52","3526"
