"","NR","WR","SR","ER","NER","All India"
"Coal","439","1052","459","405","11","2366"
"Lignite","17","15","55","0","0","88"
"Hydro","134","47","101","50","11","343"
"Nuclear","28","28","55","0","0","111"
"Gas, Naptha & Diesel","30","53","16","0","24","122"
"RES (Wind, Solar, Biomass & Others)","43","59","134","2","0","239"
"Total","691","1255","820","457","46","3270"
