"","NR","WR","SR","ER","NER","Total"
"Thermal (Coal & Lignite)","553","1123","589","378","5","2648"
"Hydro","139","23","93","73","24","351"
"Nuclear","33","16","48","0","0","97"
"Gas, Naptha & Diesel","40","64","20","0","23","147"
"RES (Wind, Solar, Biomass & Others)","10","29","84","1","0","124"
"Total","776","1254","833","452","52","3367"
