"","NR","WR","SR","ER","NER","All India"
"Coal","448","1095","421","437","12","2413"
"Lignite","19","18","42","0","0","79"
"Hydro","134","44","88","40","10","316"
"Nuclear","28","28","55","0","0","111"
"Gas, Naptha & Diesel","18","61","16","0","25","120"
"RES (Wind, Solar, Biomass & Others)","61","67","173","2","0","303"
"Total","709","1312","795","479","47","3342"
