"","NR","WR","SR","ER","NER","All India"
"Thermal (Coal & Lignite)","454","1250","509","384","8","2605"
"Hydro","359","47","153","122","25","706"
"Nuclear","28","27","19","0","0","74"
"Gas, Naptha & Diesel","19","43","22","0","16","100"
"RES (Wind, Solar, Biomass & Others)","54","113","218","1","0","385"
"Total","913","1481","921","507","49","3870"
