"","NR","WR","SR","ER","NER","All India"
"Coal","646","1255","545","485","8","2939"
"Lignite","19","17","36","0","0","72"
"Hydro","344","15","50","75","17","499"
"Nuclear","27","18","36","0","0","81"
"Gas, Naptha & Diesel","42","53","16","0","29","139"
"RES (Wind, Solar, Biomass & Others)","58","129","184","2","0","374"
"Total","1136","1487","866","562","54","4105"
