"","NR","WR","SR","ER","NER","All India"
"Coal","519","1100","510","414","10","2552"
"Lignite","17","15","52","0","0","84"
"Hydro","120","24","61","29","7","241"
"Nuclear","29","19","36","0","0","84"
"Gas, Naptha & Diesel","25","39","23","0","29","116"
"RES (Wind, Solar, Biomass & Others)","70","121","130","1","0","322"
"Total","780","1319","811","444","46","3400"
