"","NR","WR","SR","ER","NER","All India"
"Coal","527","949","424","361","4","2265"
"Lignite","21","13","42","0","0","76"
"Hydro","267","130","153","116","28","694"
"Nuclear","27","29","60","0","0","116"
"Gas, Naptha & Diesel","39","71","16","0","28","154"
"RES (Wind, Solar, Biomass & Others)","52","41","124","2","0","220"
"Total","934","1232","821","479","60","3526"
