"","NR","WR","SR","ER","NER","All India"
"Coal","412","1192","589","454","10","2657"
"Lignite","13","13","57","0","0","83"
"Hydro","207","29","81","55","6","377"
"Nuclear","27","28","37","0","0","92"
"Gas, Naptha & Diesel","31","59","16","0","29","135"
"RES (Wind, Solar, Biomass & Others)","75","85","160","2","0","321"
"Total","766","1406","939","510","44","3666"
