"","NR","WR","SR","ER","NER","All India"
"Coal","527","1207","443","431","11","2619"
"Lignite","19","12","41","0","0","71"
"Hydro","244","54","72","85","19","474"
"Nuclear","28","31","37","0","0","95"
"Gas, Naptha & Diesel","38","54","16","0","27","134"
"RES (Wind, Solar, Biomass & Others)","66","118","280","2","0","467"
"Total","920","1476","888","518","57","3859"
