"","NR","WR","SR","ER","NER","All India"
"Coal","488","955","393","347","9","2191"
"Lignite","19","10","44","0","0","73"
"Hydro","199","101","147","127","17","590"
"Nuclear","28","29","60","0","0","117"
"Gas, Naptha & Diesel","32","69","15","0","23","139"
"RES (Wind, Solar, Biomass & Others)","46","42","114","2","0","204"
"Total","811","1205","773","476","49","3313"
