"","NR","WR","SR","ER","NER","All India"
"Coal","560","975","355","406","8","2305"
"Lignite","23","9","44","0","0","76"
"Hydro","363","114","176","143","20","816"
"Nuclear","27","31","61","0","0","119"
"Gas, Naptha & Diesel","39","49","16","0","22","125"
"RES (Wind, Solar, Biomass & Others)","54","82","304","2","0","443"
"Total","1067","1260","955","551","50","3883"
