"","NR","WR","SR","ER","NER","All India"
"Coal","478","1238","545","459","12","2732"
"Lignite","24","15","50","0","0","89"
"Hydro","132","43","98","34","5","312"
"Nuclear","24","33","40","0","0","97"
"Gas, Naptha & Diesel","26","38","18","0","22","105"
"RES (Wind, Solar, Biomass & Others)","80","60","148","1","0","289"
"Total","764","1427","898","494","40","3623"
