"","NR","WR","SR","ER","NER","All India"
"Coal","637","1055","457","417","9","2574"
"Lignite","20","6","42","0","0","68"
"Hydro","363","100","91","134","18","707"
"Nuclear","27","31","56","0","0","114"
"Gas, Naptha & Diesel","37","62","16","0","20","136"
"RES (Wind, Solar, Biomass & Others)","49","69","280","2","0","400"
"Total","1133","1324","942","553","47","3998"
