"","NR","WR","SR","ER","NER","Total"
"Thermal (Coal & Lignite)","598","1104","495","338","4","2539"
"Hydro","218","40","76","111","27","471"
"Nuclear","33","16","37","0","0","86"
"Gas, Naptha & Diesel","43","66","17","0","24","150"
"RES (Wind, Solar, Biomass & Others)","17","33","126","1","0","177"
"Total","908","1259","752","450","55","3423"
