"","NR","WR","SR","ER","NER","All India"
"Coal","439","968","265","344","11","2026"
"Lignite","20","15","45","0","0","80"
"Hydro","140","50","165","80","16","450"
"Nuclear","28","34","60","0","0","121"
"Gas, Naptha & Diesel","24","35","16","0","24","99"
"RES (Wind, Solar, Biomass & Others)","38","60","137","2","0","237"
"Total","689","1162","688","425","50","3014"
