"","NR","WR","SR","ER","NER","All India"
"Coal","424","1114","446","454","13","2451"
"Lignite","22","15","56","0","0","93"
"Hydro","133","50","103","49","12","347"
"Nuclear","28","28","55","0","0","111"
"Gas, Naptha & Diesel","22","57","15","0","24","119"
"RES (Wind, Solar, Biomass & Others)","52","42","118","2","0","214"
"Total","682","1307","793","505","48","3335"
