"","NR","WR","SR","ER","NER","All India"
"Thermal (Coal & Lignite)","704","1143","531","468","10","2855"
"Hydro","277","12","53","84","26","452"
"Nuclear","26","29","46","0","0","102"
"Gas, Naptha & Diesel","53","51","15","0","22","140"
"RES (Wind, Solar, Biomass & Others)","45","88","233","1","0","367"
"Total","1105","1323","878","553","58","3916"
