"","NR","WR","SR","ER","NER","All India"
"Coal","467","1171","465","430","11","2544"
"Lignite","19","14","49","0","0","82"
"Hydro","123","44","73","28","9","277"
"Nuclear","29","27","44","0","0","100"
"Gas, Naptha & Diesel","26","32","17","0","24","100"
"RES (Wind, Solar, Biomass & Others)","74","99","156","2","0","330"
"Total","738","1386","804","460","44","3433"
