"","NR","WR","SR","ER","NER","All India"
"Coal","554","1020","395","424","5","2399"
"Lignite","19","7","39","0","0","65"
"Hydro","365","100","115","136","19","735"
"Nuclear","27","31","55","0","0","114"
"Gas, Naptha & Diesel","41","43","16","0","21","121"
"RES (Wind, Solar, Biomass & Others)","44","80","264","2","0","390"
"Total","1051","1281","885","562","45","3824"
