"","NR","WR","SR","ER","NER","All India"
"Coal","422","1084","386","436","12","2340"
"Lignite","24","14","48","0","0","87"
"Hydro","131","60","92","41","8","332"
"Nuclear","23","28","58","0","0","108"
"Gas, Naptha & Diesel","24","41","15","0","25","105"
"RES (Wind, Solar, Biomass & Others)","74","107","151","2","0","335"
"Total","699","1334","749","479","45","3306"
