"","NR","WR","SR","ER","NER","All India"
"Coal","579","895","400","381","11","2266"
"Lignite","21","11","45","0","0","77"
"Hydro","328","113","163","145","23","773"
"Nuclear","27","28","60","0","0","116"
"Gas, Naptha & Diesel","39","45","16","0","26","125"
"RES (Wind, Solar, Biomass & Others)","56","107","212","2","0","377"
"Total","1050","1200","896","529","59","3733"
