"","NR","WR","SR","ER","NER","All India"
"Thermal (Coal & Lignite)","625","1419","645","390","8","3088"
"Hydro","278","47","109","121","31","586"
"Nuclear","23","27","37","0","0","87"
"Gas, Naptha & Diesel","28","84","24","0","23","158"
"RES (Wind, Solar, Biomass & Others)","56","55","156","1","0","267"
"Total","1010","1631","970","513","62","4186"
