"","NR","WR","SR","ER","NER","All India"
"Coal","518","1255","550","466","12","2802"
"Lignite","18","16","53","0","0","87"
"Hydro","125","43","90","34","5","298"
"Nuclear","24","33","34","0","0","91"
"Gas, Naptha & Diesel","32","42","16","0","23","114"
"RES (Wind, Solar, Biomass & Others)","79","82","149","1","0","311"
"Total","797","1471","892","502","41","3702"
