"","NR","WR","SR","ER","NER","All India"
"Coal","648","1247","527","458","11","2891"
"Lignite","20","18","38","0","0","76"
"Hydro","344","16","34","81","18","493"
"Nuclear","27","31","59","0","0","117"
"Gas, Naptha & Diesel","49","59","15","0","30","153"
"RES (Wind, Solar, Biomass & Others)","95","111","252","2","0","460"
"Total","1182","1481","925","541","58","4187"
