"","NR","WR","SR","ER","NER","All India"
"Coal","522","1218","492","417","14","2663"
"Lignite","19","13","44","0","0","76"
"Hydro","111","62","93","34","8","307"
"Nuclear","29","28","40","0","0","97"
"Gas, Naptha & Diesel","23","39","18","0","22","101"
"RES (Wind, Solar, Biomass & Others)","56","70","159","1","0","286"
"Total","761","1428","846","453","43","3531"
