"","NR","WR","SR","ER","NER","All India"
"Coal","506","1154","486","452","8","2607"
"Lignite","19","17","47","0","0","82"
"Hydro","108","25","58","29","3","224"
"Nuclear","19","31","36","0","0","86"
"Gas, Naptha & Diesel","24","33","17","0","24","98"
"RES (Wind, Solar, Biomass & Others)","78","74","212","1","0","365"
"Total","753","1334","856","483","36","3461"
