"","NR","WR","SR","ER","NER","All India"
"Thermal (Coal & Lignite)","514","1092","418","380","8","2411"
"Hydro","356","42","200","116","25","740"
"Nuclear","27","27","19","0","0","74"
"Gas, Naptha & Diesel","21","31","23","0","16","91"
"RES (Wind, Solar, Biomass & Others)","63","89","230","1","0","382"
"Total","982","1281","890","497","49","3698"
