"","NR","WR","SR","ER","NER","All India"
"Coal","448","977","417","356","11","2208"
"Lignite","16","15","41","0","0","72"
"Hydro","312","15","37","122","29","516"
"Nuclear","27","31","60","0","0","118"
"Gas, Naptha & Diesel","25","43","16","0","29","113"
"RES (Wind, Solar, Biomass & Others)","82","219","238","2","0","541"
"Total","910","1300","808","480","69","3567"
