"","NR","WR","SR","ER","NER","All India"
"Coal","659","1253","565","499","11","2986"
"Lignite","20","14","39","0","0","73"
"Hydro","340","16","57","74","18","505"
"Nuclear","27","19","37","0","0","82"
"Gas, Naptha & Diesel","43","55","16","0","29","143"
"RES (Wind, Solar, Biomass & Others)","68","133","185","2","0","389"
"Total","1158","1488","898","574","58","4177"
