"","NR","WR","SR","ER","NER","All India"
"Coal","495","1278","604","466","11","2854"
"Lignite","23","18","52","0","0","92"
"Hydro","203","28","66","37","4","338"
"Nuclear","22","31","34","0","0","87"
"Gas, Naptha & Diesel","30","47","16","0","21","114"
"RES (Wind, Solar, Biomass & Others)","84","101","144","1","0","330"
"Total","857","1503","916","504","35","3815"
