"","NR","WR","SR","ER","NER","All India"
"Coal","588","1175","483","415","12","2674"
"Lignite","24","14","42","0","0","80"
"Hydro","322","7","35","92","16","472"
"Nuclear","27","31","55","0","0","113"
"Gas, Naptha & Diesel","48","45","13","0","30","135"
"RES (Wind, Solar, Biomass & Others)","58","79","215","3","0","354"
"Total","1067","1350","842","510","58","3827"
