"","NR","WR","SR","ER","NER","All India"
"Coal","687","1170","509","474","14","2853"
"Lignite","25","12","40","0","0","76"
"Hydro","341","9","47","66","16","479"
"Nuclear","17","20","59","0","0","97"
"Gas, Naptha & Diesel","50","41","16","0","29","136"
"RES (Wind, Solar, Biomass & Others)","58","151","277","2","0","488"
"Total","1178","1403","947","542","60","4128"
