"","NR","WR","SR","ER","NER","All India"
"Coal","684","1320","580","477","11","3073"
"Lignite","24","14","45","0","0","83"
"Hydro","276","19","52","75","15","435"
"Nuclear","27","31","58","0","0","116"
"Gas, Naptha & Diesel","53","50","15","0","29","146"
"RES (Wind, Solar, Biomass & Others)","56","138","183","1","0","378"
"Total","1120","1572","932","553","55","4232"
