"","NR","WR","SR","ER","NER","All India"
"Thermal (Coal & Lignite)","565","1126","471","397","8","2567"
"Hydro","247","22","111","101","24","506"
"Nuclear","27","27","24","0","0","79"
"Gas, Naptha & Diesel","18","44","23","0","26","111"
"RES (Wind, Solar, Biomass & Others)","45","160","313","1","0","519"
"Total","903","1379","943","499","58","3782"
