"","NR","WR","SR","ER","NER","All India"
"Coal","452","1290","593","458","14","2808"
"Lignite","27","18","54","0","0","99"
"Hydro","254","42","76","50","4","427"
"Nuclear","22","29","36","0","0","87"
"Gas, Naptha & Diesel","30","54","17","0","29","131"
"RES (Wind, Solar, Biomass & Others)","98","82","152","1","0","334"
"Total","884","1515","928","510","47","3884"
