"","NR","WR","SR","ER","NER","All India"
"Coal","472","1194","606","462","10","2744"
"Lignite","23","17","49","0","0","88"
"Hydro","146","30","70","40","3","290"
"Nuclear","28","31","31","0","0","90"
"Gas, Naptha & Diesel","29","42","17","0","28","116"
"RES (Wind, Solar, Biomass & Others)","70","93","174","1","0","337"
"Total","768","1406","947","504","42","3666"
