"","NR","WR","SR","ER","NER","All India"
"Coal","525","1172","509","458","9","2673"
"Lignite","13","16","53","0","0","81"
"Hydro","108","29","82","22","5","247"
"Nuclear","22","31","35","0","0","88"
"Gas, Naptha & Diesel","20","35","18","0","26","100"
"RES (Wind, Solar, Biomass & Others)","70","76","159","1","0","305"
"Total","758","1359","856","482","41","3495"
