"","NR","WR","SR","ER","NER","All India"
"Coal","357","1175","549","427","7","2514"
"Lignite","11","16","46","0","0","73"
"Hydro","138","33","89","30","5","295"
"Nuclear","24","37","45","0","0","106"
"Gas, Naptha & Diesel","35","57","18","0","17","125"
"RES (Wind, Solar, Biomass & Others)","59","112","167","2","0","340"
"Total","624","1430","914","458","29","3454"
