"","NR","WR","SR","ER","NER","All India"
"Coal","418","1091","431","428","11","2380"
"Lignite","19","13","52","0","0","84"
"Hydro","138","27","96","51","11","323"
"Nuclear","28","28","55","0","0","111"
"Gas, Naptha & Diesel","28","57","16","0","24","124"
"RES (Wind, Solar, Biomass & Others)","59","64","127","2","0","252"
"Total","691","1279","777","480","46","3274"
