"","NR","WR","SR","ER","NER","All India"
"Thermal (Coal & Lignite)","445","905","388","361","7","2107"
"Hydro","334","17","93","87","24","556"
"Nuclear","27","30","45","0","0","103"
"Gas, Naptha & Diesel","20","37","24","0","23","103"
"RES (Wind, Solar, Biomass & Others)","57","162","297","0","0","517"
"Total","884","1152","848","449","54","3386"
