"","NR","WR","SR","ER","NER","All India"
"Coal","587","977","390","408","10","2372"
"Lignite","20","12","38","0","0","70"
"Hydro","306","118","156","127","26","734"
"Nuclear","27","15","60","0","0","103"
"Gas, Naptha & Diesel","44","73","15","0","27","159"
"RES (Wind, Solar, Biomass & Others)","55","50","171","2","0","278"
"Total","1040","1244","830","538","64","3717"
