"","NR","WR","SR","ER","NER","All India"
"Coal","392","1171","522","420","10","2514"
"Lignite","19","13","47","0","0","79"
"Hydro","136","26","74","29","5","269"
"Nuclear","18","37","45","0","0","100"
"Gas, Naptha & Diesel","30","69","18","0","21","138"
"RES (Wind, Solar, Biomass & Others)","95","65","164","2","0","326"
"Total","691","1380","869","450","36","3426"
