"","NR","WR","SR","ER","NER","All India"
"Coal","454","1158","519","458","8","2596"
"Lignite","19","19","41","0","0","79"
"Hydro","159","21","73","28","3","283"
"Nuclear","26","31","40","0","0","97"
"Gas, Naptha & Diesel","23","41","19","0","29","111"
"RES (Wind, Solar, Biomass & Others)","65","67","162","1","0","295"
"Total","747","1336","853","486","40","3462"
