"","NR","WR","SR","ER","NER","All India"
"Coal","469","1031","437","379","8","2324"
"Lignite","17","13","34","0","0","64"
"Hydro","346","12","40","103","31","531"
"Nuclear","27","30","52","0","0","109"
"Gas, Naptha & Diesel","30","39","12","0","28","109"
"RES (Wind, Solar, Biomass & Others)","107","218","243","2","0","570"
"Total","996","1343","817","484","67","3708"
