"","NR","WR","SR","ER","NER","All India"
"Coal","310","1050","543","424","11","2337"
"Lignite","17","13","48","0","0","78"
"Hydro","127","42","94","31","6","299"
"Nuclear","24","37","44","0","0","105"
"Gas, Naptha & Diesel","23","38","17","0","16","94"
"RES (Wind, Solar, Biomass & Others)","84","137","143","1","0","365"
"Total","586","1316","889","455","32","3279"
