"","NR","WR","SR","ER","NER","All India"
"Coal","537","1085","449","389","9","2469"
"Lignite","20","17","57","0","0","94"
"Hydro","120","29","67","27","7","250"
"Nuclear","27","19","36","0","0","83"
"Gas, Naptha & Diesel","27","41","23","0","29","119"
"RES (Wind, Solar, Biomass & Others)","73","91","119","1","0","283"
"Total","805","1281","750","417","45","3298"
