"","NR","WR","SR","ER","NER","All India"
"Thermal (Coal & Lignite)","681","1152","559","439","10","2840"
"Hydro","260","34","79","87","24","484"
"Nuclear","31","29","47","0","0","107"
"Gas, Naptha & Diesel","45","54","15","0","21","134"
"RES (Wind, Solar, Biomass & Others)","50","87","238","1","0","376"
"Total","1067","1356","937","527","54","3940"
