"","NR","WR","SR","ER","NER","All India"
"Thermal (Coal & Lignite)","560","1059","340","421","9","2390"
"Hydro","352","24","160","103","22","661"
"Nuclear","27","27","24","0","0","78"
"Gas, Naptha & Diesel","12","39","23","0","26","100"
"RES (Wind, Solar, Biomass & Others)","40","115","320","1","0","476"
"Total","991","1264","867","525","57","3704"
