"","NR","WR","SR","ER","NER","All India"
"Thermal (Coal & Lignite)","578","1014","407","413","8","2420"
"Hydro","354","22","182","110","20","688"
"Nuclear","27","27","24","0","0","79"
"Gas, Naptha & Diesel","18","44","23","0","25","109"
"RES (Wind, Solar, Biomass & Others)","68","119","296","0","0","484"
"Total","1046","1226","932","523","53","3780"
