"","NR","WR","SR","ER","NER","All India"
"Coal","505","1036","438","364","10","2353"
"Lignite","17","14","43","0","0","74"
"Hydro","328","16","38","126","30","538"
"Nuclear","27","31","60","0","0","118"
"Gas, Naptha & Diesel","25","44","14","0","29","112"
"RES (Wind, Solar, Biomass & Others)","75","199","239","2","0","514"
"Total","978","1339","832","492","69","3710"
