"","NR","WR","SR","ER","NER","All India"
"Coal","284","887","340","405","7","1924"
"Lignite","21","14","50","0","0","85"
"Hydro","146","45","80","54","3","329"
"Nuclear","28","36","51","0","0","116"
"Gas, Naptha & Diesel","24","59","20","0","29","132"
"RES (Wind, Solar, Biomass & Others)","81","65","140","5","0","290"
"Total","583","1106","682","464","39","2875"
