"","NR","WR","SR","ER","NER","All India"
"Thermal (Coal & Lignite)","553","1059","339","383","7","2342"
"Hydro","352","24","171","104","21","672"
"Nuclear","27","27","24","0","0","79"
"Gas, Naptha & Diesel","17","41","23","0","26","106"
"RES (Wind, Solar, Biomass & Others)","54","102","303","1","0","460"
"Total","1003","1254","861","488","54","3659"
