"","NR","WR","SR","ER","NER","All India"
"Coal","511","1079","473","425","9","2497"
"Lignite","20","14","37","0","0","71"
"Hydro","360","23","54","114","31","583"
"Nuclear","27","30","55","0","0","112"
"Gas, Naptha & Diesel","32","49","11","0","24","117"
"RES (Wind, Solar, Biomass & Others)","101","187","222","2","0","512"
"Total","1052","1383","852","540","64","3890"
