"","NR","WR","SR","ER","NER","Total"
"Thermal (Coal & Lignite)","632","1100","579","391","5","2708"
"Hydro","263","64","85","106","26","545"
"Nuclear","28","3","49","0","0","80"
"Gas, Naptha & Diesel","72","74","18","0","22","186"
"RES (Wind, Solar, Biomass & Others)","16","25","90","1","0","132"
"Total","1011","1267","822","498","54","3651"
