"","NR","WR","SR","ER","NER","All India"
"Coal","515","1063","448","384","8","2418"
"Lignite","17","16","53","0","0","86"
"Hydro","120","21","55","29","7","232"
"Nuclear","29","19","36","0","0","85"
"Gas, Naptha & Diesel","25","38","24","0","29","116"
"RES (Wind, Solar, Biomass & Others)","84","116","121","1","0","321"
"Total","790","1273","736","414","45","3258"
