"","NR","WR","SR","ER","NER","All India"
"Coal","486","1295","569","474","13","2836"
"Lignite","25","16","56","0","0","96"
"Hydro","125","45","86","29","3","287"
"Nuclear","24","36","19","0","0","80"
"Gas, Naptha & Diesel","37","46","16","0","23","123"
"RES (Wind, Solar, Biomass & Others)","82","61","176","2","0","321"
"Total","779","1499","922","504","39","3743"
