"","NR","WR","SR","ER","NER","All India"
"Coal","441","1076","444","399","11","2372"
"Lignite","17","16","51","0","0","83"
"Hydro","135","52","92","55","11","346"
"Nuclear","28","25","55","0","0","108"
"Gas, Naptha & Diesel","30","48","16","0","24","118"
"RES (Wind, Solar, Biomass & Others)","39","44","164","2","0","249"
"Total","689","1262","821","457","47","3276"
