"","NR","WR","SR","ER","NER","All India"
"Coal","507","1256","576","440","11","2791"
"Lignite","19","17","57","0","0","93"
"Hydro","195","27","74","63","3","362"
"Nuclear","22","30","35","0","0","87"
"Gas, Naptha & Diesel","30","48","16","0","30","124"
"RES (Wind, Solar, Biomass & Others)","71","79","153","3","0","305"
"Total","844","1457","911","506","45","3763"
