"","NR","WR","SR","ER","NER","All India"
"Coal","493","1206","546","423","5","2673"
"Lignite","22","12","56","0","0","91"
"Hydro","129","25","75","29","3","261"
"Nuclear","24","31","36","0","0","90"
"Gas, Naptha & Diesel","24","39","18","0","29","111"
"RES (Wind, Solar, Biomass & Others)","60","52","187","1","0","299"
"Total","753","1364","918","452","38","3525"
