"","NR","WR","SR","ER","NER","All India"
"Coal","631","1220","540","477","10","2879"
"Lignite","25","16","51","0","0","92"
"Hydro","325","19","56","68","16","484"
"Nuclear","27","18","58","0","0","104"
"Gas, Naptha & Diesel","43","48","14","0","28","132"
"RES (Wind, Solar, Biomass & Others)","66","129","218","2","0","415"
"Total","1117","1450","938","548","53","4106"
