"","NR","WR","SR","ER","NER","All India"
"Thermal (Coal & Lignite)","419","1133","622","360","4","2537"
"Hydro","309","57","111","109","25","611"
"Nuclear","23","27","19","0","0","69"
"Gas, Naptha & Diesel","23","54","25","0","24","126"
"RES (Wind, Solar, Biomass & Others)","45","72","111","1","0","230"
"Total","818","1344","888","470","53","3573"
