"","NR","WR","SR","ER","NER","All India"
"Coal","372","920","367","324","8","1991"
"Lignite","22","13","41","0","0","76"
"Hydro","269","101","166","127","24","687"
"Nuclear","23","29","60","0","0","112"
"Gas, Naptha & Diesel","40","62","16","0","27","145"
"RES (Wind, Solar, Biomass & Others)","47","59","123","2","0","231"
"Total","774","1182","773","452","59","3241"
