"","NR","WR","SR","ER","NER","All India"
"Coal","505","1252","601","466","12","2836"
"Lignite","16","16","59","0","0","92"
"Hydro","195","38","68","57","4","363"
"Nuclear","27","30","37","0","0","93"
"Gas, Naptha & Diesel","31","56","16","0","30","132"
"RES (Wind, Solar, Biomass & Others)","86","108","159","2","0","355"
"Total","861","1499","940","525","46","3871"
