"","NR","WR","SR","ER","NER","All India"
"Coal","470","1075","451","388","5","2389"
"Lignite","18","14","35","0","0","66"
"Hydro","342","17","40","113","31","542"
"Nuclear","27","30","54","0","0","112"
"Gas, Naptha & Diesel","29","41","12","0","29","111"
"RES (Wind, Solar, Biomass & Others)","107","215","273","2","0","598"
"Total","994","1392","865","503","64","3818"
