"","NR","WR","SR","ER","NER","All India"
"Coal","459","1045","393","420","11","2328"
"Lignite","18","13","46","0","0","76"
"Hydro","139","51","151","67","12","420"
"Nuclear","28","24","57","0","0","109"
"Gas, Naptha & Diesel","29","47","16","0","25","116"
"RES (Wind, Solar, Biomass & Others)","42","33","119","2","0","196"
"Total","715","1211","782","489","48","3245"
