"","NR","WR","SR","ER","NER","All India"
"Coal","499","1228","605","480","9","2821"
"Lignite","26","17","57","0","0","101"
"Hydro","145","24","72","39","4","283"
"Nuclear","20","31","31","0","0","82"
"Gas, Naptha & Diesel","26","42","17","0","29","114"
"RES (Wind, Solar, Biomass & Others)","64","73","163","1","0","301"
"Total","780","1416","944","521","42","3702"
