"","NR","WR","SR","ER","NER","All India"
"Coal","485","1223","526","438","7","2680"
"Lignite","27","15","50","0","0","92"
"Hydro","122","43","67","32","5","269"
"Nuclear","24","26","40","0","0","89"
"Gas, Naptha & Diesel","35","40","18","0","22","115"
"RES (Wind, Solar, Biomass & Others)","77","111","175","2","0","365"
"Total","771","1458","876","472","35","3611"
