"","NR","WR","SR","ER","NER","All India"
"Thermal (Coal & Lignite)","471","1069","448","397","6","2391"
"Hydro","295","10","50","95","28","477"
"Nuclear","31","30","47","0","0","107"
"Gas, Naptha & Diesel","32","48","14","0","22","116"
"RES (Wind, Solar, Biomass & Others)","74","150","266","1","0","491"
"Total","903","1305","823","493","57","3581"
