"","NR","WR","SR","ER","NER","All India"
"Coal","463","1183","479","454","11","2591"
"Lignite","19","16","46","0","0","81"
"Hydro","132","39","76","33","7","287"
"Nuclear","24","27","45","0","0","97"
"Gas, Naptha & Diesel","32","30","18","0","22","102"
"RES (Wind, Solar, Biomass & Others)","66","71","157","1","0","295"
"Total","737","1367","821","488","41","3453"
