"","NR","WR","SR","ER","NER","All India"
"Coal","461","1235","522","474","10","2702"
"Lignite","17","16","53","0","0","86"
"Hydro","182","45","66","50","5","348"
"Nuclear","28","31","37","0","0","96"
"Gas, Naptha & Diesel","29","50","16","0","21","115"
"RES (Wind, Solar, Biomass & Others)","61","86","155","1","0","304"
"Total","779","1463","849","525","36","3651"
