"","NR","WR","SR","ER","NER","All India"
"Coal","396","1148","512","474","9","2538"
"Lignite","23","16","49","0","0","87"
"Hydro","142","39","82","35","4","303"
"Nuclear","24","37","69","0","0","129"
"Gas, Naptha & Diesel","29","89","18","0","24","159"
"RES (Wind, Solar, Biomass & Others)","78","91","152","5","0","325"
"Total","691","1419","881","513","38","3541"
