"","NR","WR","SR","ER","NER","All India"
"Coal","489","1195","558","456","13","2711"
"Lignite","23","14","41","0","0","78"
"Hydro","125","40","94","35","5","298"
"Nuclear","24","33","40","0","0","97"
"Gas, Naptha & Diesel","27","36","19","0","22","104"
"RES (Wind, Solar, Biomass & Others)","73","98","139","2","0","312"
"Total","759","1416","891","492","41","3599"
