"","NR","WR","SR","ER","NER","All India"
"Coal","652","1103","484","456","10","2704"
"Lignite","19","16","47","0","0","82"
"Hydro","338","12","35","94","25","504"
"Nuclear","27","31","55","0","0","113"
"Gas, Naptha & Diesel","32","39","12","0","29","112"
"RES (Wind, Solar, Biomass & Others)","85","153","299","2","0","540"
"Total","1152","1353","932","552","64","4054"
