"","NR","WR","SR","ER","NER","All India"
"Coal","538","1126","473","435","9","2581"
"Lignite","20","15","47","0","0","82"
"Hydro","117","26","68","27","7","245"
"Nuclear","24","30","32","0","0","85"
"Gas, Naptha & Diesel","27","36","18","0","26","107"
"RES (Wind, Solar, Biomass & Others)","56","83","142","1","0","283"
"Total","784","1315","780","462","42","3383"
