"","NR","WR","SR","ER","NER","All India"
"Coal","527","1093","474","415","4","2513"
"Lignite","18","18","57","0","0","92"
"Hydro","107","22","67","21","7","224"
"Nuclear","24","31","32","0","0","87"
"Gas, Naptha & Diesel","31","40","20","0","28","119"
"RES (Wind, Solar, Biomass & Others)","67","81","151","1","0","300"
"Total","775","1284","801","436","40","3336"
