"","NR","WR","SR","ER","NER","All India"
"Coal","449","1167","467","426","13","2522"
"Lignite","26","15","43","0","0","84"
"Hydro","118","48","77","38","9","289"
"Nuclear","30","28","45","0","0","102"
"Gas, Naptha & Diesel","33","32","17","0","23","104"
"RES (Wind, Solar, Biomass & Others)","59","60","190","2","0","311"
"Total","715","1349","838","466","44","3413"
