"","NR","WR","SR","ER","NER","All India"
"Thermal (Coal & Lignite)","597","1109","503","414","5","2628"
"Hydro","308","18","63","88","28","504"
"Nuclear","31","30","46","0","0","107"
"Gas, Naptha & Diesel","33","55","13","0","23","124"
"RES (Wind, Solar, Biomass & Others)","80","186","252","1","0","520"
"Total","1050","1399","877","503","56","3884"
