"","NR","WR","SR","ER","NER","All India"
"Thermal (Coal & Lignite)","410","904","435","373","7","2129"
"Hydro","299","21","115","106","25","566"
"Nuclear","27","30","52","0","0","110"
"Gas, Naptha & Diesel","20","36","25","0","25","106"
"RES (Wind, Solar, Biomass & Others)","74","185","287","1","0","547"
"Total","831","1175","914","480","57","3458"
