"","NR","WR","SR","ER","NER","All India"
"Coal","490","1079","408","401","8","2385"
"Lignite","16","12","54","0","0","83"
"Hydro","158","51","100","99","12","421"
"Nuclear","28","29","46","0","0","103"
"Gas, Naptha & Diesel","26","70","14","0","23","134"
"RES (Wind, Solar, Biomass & Others)","58","56","127","2","0","243"
"Total","776","1298","750","501","44","3369"
