"","NR","WR","SR","ER","NER","All India"
"Thermal (Coal & Lignite)","671","1189","597","405","5","2867"
"Hydro","191","65","114","99","18","488"
"Nuclear","23","12","34","0","0","69"
"Gas, Naptha & Diesel","69","98","24","0","28","220"
"RES (Wind, Solar, Biomass & Others)","52","35","131","1","0","219"
"Total","1007","1398","901","505","52","3862"
