"","NR","WR","SR","ER","NER","All India"
"Coal","502","1304","590","459","14","2869"
"Lignite","17","14","56","0","0","87"
"Hydro","126","48","86","36","3","298"
"Nuclear","24","37","21","0","0","81"
"Gas, Naptha & Diesel","36","51","15","0","21","124"
"RES (Wind, Solar, Biomass & Others)","70","53","151","2","0","276"
"Total","775","1506","920","496","38","3735"
