"","NR","WR","SR","ER","NER","Total"
"Thermal (Coal & Lignite)","547","1130","582","365","5","2628"
"Hydro","133","21","74","57","20","306"
"Nuclear","33","16","49","0","0","98"
"Gas, Naptha & Diesel","37","66","22","0","24","149"
"RES (Wind, Solar, Biomass & Others)","10","24","89","1","0","123"
"Total","759","1257","816","422","49","3304"
