"","NR","WR","SR","ER","NER","All India"
"Coal","575","1276","545","450","4","2851"
"Lignite","22","15","52","0","0","89"
"Hydro","267","40","52","72","18","450"
"Nuclear","27","31","58","0","0","116"
"Gas, Naptha & Diesel","45","49","9","0","28","130"
"RES (Wind, Solar, Biomass & Others)","56","93","216","2","0","368"
"Total","993","1504","932","524","50","4003"
