"","NR","WR","SR","ER","NER","All India"
"Coal","564","1203","463","450","16","2697"
"Lignite","23","14","46","0","0","83"
"Hydro","334","40","44","101","30","549"
"Nuclear","27","31","60","0","0","118"
"Gas, Naptha & Diesel","29","102","11","0","29","172"
"RES (Wind, Solar, Biomass & Others)","49","57","250","2","0","357"
"Total","1026","1447","874","553","75","3976"
