"","NR","WR","SR","ER","NER","All India"
"Thermal (Coal & Lignite)","582","1075","449","420","9","2535"
"Hydro","277","11","54","80","23","445"
"Nuclear","29","30","45","0","0","103"
"Gas, Naptha & Diesel","38","46","14","0","22","119"
"RES (Wind, Solar, Biomass & Others)","36","121","302","1","0","460"
"Total","961","1282","864","501","54","3662"
