"","NR","WR","SR","ER","NER","All India"
"Coal","612","1233","491","484","9","2829"
"Lignite","20","14","36","0","0","70"
"Hydro","340","16","57","74","15","502"
"Nuclear","27","18","47","0","0","92"
"Gas, Naptha & Diesel","42","56","16","0","28","141"
"RES (Wind, Solar, Biomass & Others)","77","154","237","2","0","471"
"Total","1118","1491","884","560","52","4104"
