"","NR","WR","SR","ER","NER","All India"
"Coal","510","1252","557","465","13","2797"
"Lignite","18","15","47","0","0","80"
"Hydro","126","44","89","35","5","299"
"Nuclear","24","33","40","0","0","97"
"Gas, Naptha & Diesel","33","34","17","0","23","107"
"RES (Wind, Solar, Biomass & Others)","72","93","152","2","0","318"
"Total","783","1471","902","502","40","3698"
