"","NR","WR","SR","ER","NER","All India"
"Thermal (Coal & Lignite)","697","1115","570","366","5","2753"
"Hydro","231","36","107","106","22","502"
"Nuclear","23","20","32","0","0","75"
"Gas, Naptha & Diesel","67","91","25","0","24","207"
"RES (Wind, Solar, Biomass & Others)","50","162","123","1","0","336"
"Total","1068","1425","857","472","52","3873"
