"","NR","WR","SR","ER","NER","All India"
"Coal","494","1008","445","423","9","2379"
"Lignite","18","13","32","0","0","63"
"Hydro","352","15","34","118","30","550"
"Nuclear","27","29","55","0","0","111"
"Gas, Naptha & Diesel","28","40","12","0","29","108"
"RES (Wind, Solar, Biomass & Others)","104","189","296","2","0","591"
"Total","1022","1294","874","543","69","3802"
