"","NR","WR","SR","ER","NER","All India"
"Coal","601","980","414","426","8","2429"
"Lignite","20","8","50","0","0","78"
"Hydro","355","106","170","139","23","793"
"Nuclear","27","31","60","0","0","119"
"Gas, Naptha & Diesel","49","57","16","0","21","142"
"RES (Wind, Solar, Biomass & Others)","72","86","237","2","0","396"
"Total","1124","1268","946","567","51","3957"
