"","NR","WR","SR","ER","NER","All India"
"Coal","383","1226","557","453","7","2626"
"Lignite","16","16","51","0","0","83"
"Hydro","134","30","91","30","6","291"
"Nuclear","24","37","45","0","0","105"
"Gas, Naptha & Diesel","35","50","17","0","16","118"
"RES (Wind, Solar, Biomass & Others)","66","59","139","2","0","266"
"Total","659","1418","899","485","28","3488"
