"","NR","WR","SR","ER","NER","All India"
"Thermal (Coal & Lignite)","602","1289","590","386","4","2871"
"Hydro","156","31","97","64","16","364"
"Nuclear","24","28","45","0","0","97"
"Gas, Naptha & Diesel","53","83","25","0","29","190"
"RES (Wind, Solar, Biomass & Others)","41","40","139","1","0","220"
"Total","875","1471","896","451","49","3742"
