"","NR","WR","SR","ER","NER","All India"
"Coal","467","1144","501","417","10","2539"
"Lignite","18","17","54","0","0","89"
"Hydro","120","27","79","28","7","261"
"Nuclear","24","28","32","0","0","83"
"Gas, Naptha & Diesel","27","43","18","0","28","116"
"RES (Wind, Solar, Biomass & Others)","46","54","138","1","0","238"
"Total","702","1312","822","445","45","3326"
