"","NR","WR","SR","ER","NER","All India"
"Coal","297","875","331","398","7","1908"
"Lignite","24","12","50","0","0","86"
"Hydro","154","54","87","50","4","348"
"Nuclear","27","37","51","0","0","114"
"Gas, Naptha & Diesel","23","55","20","0","28","127"
"RES (Wind, Solar, Biomass & Others)","78","87","138","5","0","307"
"Total","603","1120","676","453","39","2890"
