"","NR","WR","SR","ER","NER","All India"
"Thermal (Coal & Lignite)","642","1248","570","389","28","2878"
"Hydro","199","30","110","79","0","418"
"Nuclear","23","12","34","0","0","69"
"Gas, Naptha & Diesel","55","83","25","0","50","213"
"RES (Wind, Solar, Biomass & Others)","45","48","148","1","0","241"
"Total","965","1421","886","469","79","3818"
