"","NR","WR","SR","ER","NER","All India"
"Coal","482","1286","586","475","14","2843"
"Lignite","21","14","58","0","0","93"
"Hydro","127","49","91","31","3","300"
"Nuclear","24","36","19","0","0","79"
"Gas, Naptha & Diesel","37","44","16","0","23","120"
"RES (Wind, Solar, Biomass & Others)","75","69","158","2","0","304"
"Total","765","1498","928","507","40","3738"
