"","NR","WR","SR","ER","NER","All India"
"Coal","522","1133","520","419","9","2604"
"Lignite","19","16","56","0","0","90"
"Hydro","119","23","79","27","7","255"
"Nuclear","29","19","36","0","0","85"
"Gas, Naptha & Diesel","25","40","24","0","29","118"
"RES (Wind, Solar, Biomass & Others)","67","85","111","1","0","264"
"Total","782","1316","826","447","45","3415"
