"","NR","WR","SR","ER","NER","All India"
"Coal","547","1062","456","423","8","2496"
"Lignite","20","14","52","0","0","87"
"Hydro","111","25","66","23","8","232"
"Nuclear","24","31","31","0","0","87"
"Gas, Naptha & Diesel","29","39","20","0","30","119"
"RES (Wind, Solar, Biomass & Others)","72","93","163","1","0","329"
"Total","803","1264","789","447","46","3348"
