"","NR","WR","SR","ER","NER","All India"
"Coal","482","1251","549","460","11","2754"
"Lignite","19","15","48","0","0","82"
"Hydro","129","37","66","30","3","265"
"Nuclear","24","36","32","0","0","93"
"Gas, Naptha & Diesel","36","42","16","0","22","116"
"RES (Wind, Solar, Biomass & Others)","73","73","183","2","0","330"
"Total","762","1455","895","493","36","3641"
