"","NR","WR","SR","ER","NER","All India"
"Coal","371","824","247","330","10","1783"
"Lignite","16","14","41","0","0","72"
"Hydro","143","36","152","84","16","431"
"Nuclear","28","29","60","0","0","117"
"Gas, Naptha & Diesel","22","35","16","0","21","95"
"RES (Wind, Solar, Biomass & Others)","40","54","104","2","0","200"
"Total","620","993","621","417","47","2698"
