"","NR","WR","SR","ER","NER","All India"
"Coal","492","1102","533","464","9","2599"
"Lignite","19","17","62","0","0","97"
"Hydro","133","18","90","28","3","272"
"Nuclear","9","31","36","0","0","76"
"Gas, Naptha & Diesel","29","33","18","0","29","109"
"RES (Wind, Solar, Biomass & Others)","60","64","144","1","0","269"
"Total","742","1265","883","493","41","3424"
