"","NR","WR","SR","ER","NER","All India"
"Coal","426","1130","444","434","11","2445"
"Lignite","21","14","45","0","0","80"
"Hydro","128","42","64","27","7","269"
"Nuclear","25","27","40","0","0","92"
"Gas, Naptha & Diesel","33","25","18","0","22","97"
"RES (Wind, Solar, Biomass & Others)","72","121","139","1","0","334"
"Total","706","1360","749","462","40","3317"
