"","NR","WR","SR","ER","NER","All India"
"Coal","376","1163","552","498","12","2601"
"Lignite","22","15","52","0","0","89"
"Hydro","143","64","80","33","4","325"
"Nuclear","24","37","62","0","0","123"
"Gas, Naptha & Diesel","30","82","18","0","23","154"
"RES (Wind, Solar, Biomass & Others)","73","92","187","5","0","357"
"Total","668","1454","951","536","39","3649"
