"","NR","WR","SR","ER","NER","All India"
"Coal","488","1114","538","438","8","2586"
"Lignite","20","17","54","0","0","91"
"Hydro","141","17","75","26","3","261"
"Nuclear","24","31","36","0","0","91"
"Gas, Naptha & Diesel","25","30","18","0","28","102"
"RES (Wind, Solar, Biomass & Others)","64","69","145","1","0","278"
"Total","761","1279","865","465","39","3409"
