"","NR","WR","SR","ER","NER","All India"
"Coal","436","1171","596","434","7","2644"
"Lignite","18","16","48","0","0","82"
"Hydro","144","22","75","28","3","272"
"Nuclear","27","31","39","0","0","97"
"Gas, Naptha & Diesel","20","37","18","0","30","105"
"RES (Wind, Solar, Biomass & Others)","68","76","150","1","0","295"
"Total","713","1354","927","462","40","3495"
