"","NR","WR","SR","ER","NER","All India"
"Coal","523","1141","513","428","9","2614"
"Lignite","17","13","55","0","0","85"
"Hydro","110","26","79","20","8","243"
"Nuclear","24","28","32","0","0","83"
"Gas, Naptha & Diesel","30","34","18","0","26","108"
"RES (Wind, Solar, Biomass & Others)","68","81","132","1","0","283"
"Total","772","1323","829","448","44","3416"
