"","NR","WR","SR","ER","NER","All India"
"Coal","496","1222","602","466","9","2795"
"Lignite","23","18","60","0","0","101"
"Hydro","141","31","74","32","4","281"
"Nuclear","28","31","31","0","0","90"
"Gas, Naptha & Diesel","21","44","16","0","23","104"
"RES (Wind, Solar, Biomass & Others)","61","53","163","1","0","278"
"Total","770","1400","946","499","36","3651"
