"","NR","WR","SR","ER","NER","All India"
"Thermal (Coal & Lignite)","557","1143","523","452","9","2685"
"Hydro","317","20","39","83","17","475"
"Nuclear","31","28","46","0","0","105"
"Gas, Naptha & Diesel","30","52","12","0","22","116"
"RES (Wind, Solar, Biomass & Others)","54","105","220","1","0","381"
"Total","989","1348","841","536","49","3762"
