"","NR","WR","SR","ER","NER","All India"
"Thermal (Coal & Lignite)","582","1030","361","405","8","2386"
"Hydro","358","22","169","109","21","679"
"Nuclear","27","27","24","0","0","79"
"Gas, Naptha & Diesel","20","39","23","0","25","108"
"RES (Wind, Solar, Biomass & Others)","50","110","311","1","0","472"
"Total","1038","1229","888","514","54","3724"
