"","NR","WR","SR","ER","NER","All India"
"Coal","468","1137","523","414","7","2549"
"Lignite","17","16","58","0","0","91"
"Hydro","144","17","56","25","3","245"
"Nuclear","24","31","36","0","0","91"
"Gas, Naptha & Diesel","25","30","18","0","28","101"
"RES (Wind, Solar, Biomass & Others)","69","43","164","1","0","277"
"Total","747","1275","854","440","38","3354"
