"","NR","WR","SR","ER","NER","All India"
"Coal","444","1241","575","478","11","2750"
"Lignite","20","16","50","0","0","85"
"Hydro","145","44","108","29","5","330"
"Nuclear","24","37","46","0","0","106"
"Gas, Naptha & Diesel","34","73","18","0","16","141"
"RES (Wind, Solar, Biomass & Others)","75","93","147","2","0","316"
"Total","741","1503","942","509","32","3727"
