"","NR","WR","SR","ER","NER","Total"
"Thermal (Coal & Lignite)","594","1125","552","369","4","2644"
"Hydro","179","21","106","99","21","426"
"Nuclear","32","16","41","0","0","89"
"Gas, Naptha & Diesel","63","66","17","0","25","171"
"RES (Wind, Solar, Biomass & Others)","9","16","82","2","0","109"
"Total","877","1244","799","470","50","3439"
