"","NR","WR","SR","ER","NER","All India"
"Coal","401","1043","403","406","10","2262"
"Lignite","17","13","45","0","0","76"
"Hydro","139","28","81","44","11","303"
"Nuclear","30","28","55","0","0","113"
"Gas, Naptha & Diesel","25","40","17","0","24","106"
"RES (Wind, Solar, Biomass & Others)","64","90","141","2","0","297"
"Total","675","1242","743","451","45","3156"
