"","NR","WR","SR","ER","NER","All India"
"Thermal (Coal & Lignite)","523","1031","333","398","8","2293"
"Hydro","348","18","161","109","21","657"
"Nuclear","27","27","24","0","0","79"
"Gas, Naptha & Diesel","16","40","23","0","25","104"
"RES (Wind, Solar, Biomass & Others)","50","103","299","1","0","453"
"Total","963","1220","840","508","55","3585"
