"","NR","WR","SR","ER","NER","All India"
"Coal","536","1047","418","403","12","2415"
"Lignite","19","15","47","0","0","80"
"Hydro","167","85","152","111","15","529"
"Nuclear","28","29","56","0","0","113"
"Gas, Naptha & Diesel","29","79","13","0","23","144"
"RES (Wind, Solar, Biomass & Others)","39","47","125","2","0","213"
"Total","818","1301","811","516","49","3495"
