"","NR","WR","SR","ER","NER","All India"
"Coal","564","1156","491","422","8","2641"
"Lignite","20","17","60","0","0","97"
"Hydro","119","32","77","34","7","269"
"Nuclear","24","19","36","0","0","79"
"Gas, Naptha & Diesel","26","39","20","0","30","115"
"RES (Wind, Solar, Biomass & Others)","59","44","130","1","0","234"
"Total","813","1307","814","457","45","3436"
