"","NR","WR","SR","ER","NER","All India"
"Coal","409","1073","397","416","13","2308"
"Lignite","22","16","30","0","0","67"
"Hydro","132","58","88","39","10","327"
"Nuclear","23","23","50","0","0","96"
"Gas, Naptha & Diesel","19","46","15","0","24","105"
"RES (Wind, Solar, Biomass & Others)","69","102","114","2","0","287"
"Total","675","1319","693","457","48","3191"
