"","NR","WR","SR","ER","NER","All India"
"Coal","338","843","349","283","7","1820"
"Lignite","17","11","38","0","0","66"
"Hydro","267","101","151","121","25","665"
"Nuclear","23","29","60","0","0","112"
"Gas, Naptha & Diesel","33","51","16","0","27","127"
"RES (Wind, Solar, Biomass & Others)","46","85","126","2","0","258"
"Total","724","1119","740","406","59","3048"
