"","NR","WR","SR","ER","NER","All India"
"Coal","573","1252","571","494","12","2902"
"Lignite","20","15","48","0","0","83"
"Hydro","272","57","88","83","19","519"
"Nuclear","28","31","37","0","0","95"
"Gas, Naptha & Diesel","36","49","15","0","29","129"
"RES (Wind, Solar, Biomass & Others)","79","131","176","2","0","388"
"Total","1008","1535","934","579","60","4116"
