"","NR","WR","SR","ER","NER","All India"
"Coal","591","1157","501","428","6","2683"
"Lignite","24","15","52","0","0","91"
"Hydro","109","24","76","26","8","242"
"Nuclear","24","31","32","0","0","87"
"Gas, Naptha & Diesel","31","53","20","0","24","129"
"RES (Wind, Solar, Biomass & Others)","57","60","144","1","0","261"
"Total","836","1341","824","455","38","3493"
