"","NR","WR","SR","ER","NER","Total"
"Thermal (Coal & Lignite)","568","1139","487","380","5","2578"
"Hydro","250","27","86","96","24","483"
"Nuclear","29","3","37","0","0","70"
"Gas, Naptha & Diesel","49","72","17","0","25","162"
"RES (Wind, Solar, Biomass & Others)","23","37","148","1","0","208"
"Total","919","1278","776","476","53","3502"
