"","NR","WR","SR","ER","NER","All India"
"Coal","530","1119","492","435","9","2586"
"Lignite","14","15","43","0","0","71"
"Hydro","118","27","77","25","7","254"
"Nuclear","22","31","33","0","0","86"
"Gas, Naptha & Diesel","19","36","18","0","28","102"
"RES (Wind, Solar, Biomass & Others)","74","94","152","1","0","321"
"Total","777","1321","816","461","44","3419"
