"","NR","WR","SR","ER","NER","All India"
"Coal","332","972","458","376","10","2149"
"Lignite","16","14","46","0","0","76"
"Hydro","144","35","71","33","4","288"
"Nuclear","19","33","69","0","0","121"
"Gas, Naptha & Diesel","25","63","17","0","22","128"
"RES (Wind, Solar, Biomass & Others)","73","65","133","5","0","275"
"Total","611","1182","794","413","37","3038"
