"","NR","WR","SR","ER","NER","All India"
"Coal","554","993","411","371","11","2340"
"Lignite","15","11","47","0","0","72"
"Hydro","332","19","55","137","29","573"
"Nuclear","27","31","60","0","0","119"
"Gas, Naptha & Diesel","31","39","16","0","28","113"
"RES (Wind, Solar, Biomass & Others)","70","152","318","2","0","543"
"Total","1029","1244","907","510","68","3759"
