"","NR","WR","SR","ER","NER","All India"
"Coal","459","882","365","337","10","2052"
"Lignite","14","8","41","0","0","63"
"Hydro","199","98","131","109","19","556"
"Nuclear","28","29","60","0","0","117"
"Gas, Naptha & Diesel","32","62","16","0","23","133"
"RES (Wind, Solar, Biomass & Others)","49","44","114","2","0","209"
"Total","780","1122","728","447","51","3129"
