"","NR","WR","SR","ER","NER","All India"
"Coal","642","1256","507","464","9","2879"
"Lignite","20","17","36","0","0","73"
"Hydro","331","12","36","94","18","491"
"Nuclear","27","30","56","0","0","113"
"Gas, Naptha & Diesel","37","42","15","0","29","123"
"RES (Wind, Solar, Biomass & Others)","58","108","191","2","0","359"
"Total","1116","1464","841","561","56","4038"
