"","NR","WR","SR","ER","NER","All India"
"Coal","543","977","384","372","12","2288"
"Lignite","17","9","50","0","0","76"
"Hydro","351","22","81","128","27","609"
"Nuclear","27","31","55","0","0","113"
"Gas, Naptha & Diesel","32","47","16","0","30","125"
"RES (Wind, Solar, Biomass & Others)","75","162","303","3","0","543"
"Total","1045","1248","889","504","68","3754"
