"","NR","WR","SR","ER","NER","All India"
"Thermal (Coal & Lignite)","646","1191","569","377","5","2787"
"Hydro","212","42","89","103","19","464"
"Nuclear","23","12","34","0","0","69"
"Gas, Naptha & Diesel","51","98","24","0","27","200"
"RES (Wind, Solar, Biomass & Others)","45","43","149","1","0","238"
"Total","977","1385","864","480","50","3757"
