"","NR","WR","SR","ER","NER","All India"
"Coal","624","1233","529","434","15","2835"
"Lignite","22","14","49","0","0","84"
"Hydro","352","12","36","89","17","505"
"Nuclear","27","31","54","0","0","112"
"Gas, Naptha & Diesel","37","57","13","0","27","134"
"RES (Wind, Solar, Biomass & Others)","51","53","261","2","0","367"
"Total","1112","1400","942","525","58","4038"
