"","NR","WR","SR","ER","NER","All India"
"Coal","541","1227","526","443","12","2749"
"Lignite","17","14","41","0","0","72"
"Hydro","256","49","75","63","15","459"
"Nuclear","28","31","37","0","0","95"
"Gas, Naptha & Diesel","34","52","15","0","29","131"
"RES (Wind, Solar, Biomass & Others)","84","131","228","1","0","444"
"Total","960","1504","923","507","56","3951"
