"","NR","WR","SR","ER","NER","All India"
"Coal","475","1166","505","437","11","2595"
"Lignite","24","14","48","0","0","86"
"Hydro","128","40","85","32","6","291"
"Nuclear","24","33","39","0","0","96"
"Gas, Naptha & Diesel","31","32","18","0","20","100"
"RES (Wind, Solar, Biomass & Others)","86","134","198","1","0","420"
"Total","769","1418","894","470","36","3588"
