"","NR","WR","SR","ER","NER","All India"
"Coal","271","887","319","381","7","1865"
"Lignite","21","14","47","0","0","82"
"Hydro","140","41","66","51","3","301"
"Nuclear","28","36","51","0","0","115"
"Gas, Naptha & Diesel","24","64","21","0","28","136"
"RES (Wind, Solar, Biomass & Others)","83","62","136","5","0","287"
"Total","567","1103","640","437","39","2786"
