"","NR","WR","SR","ER","NER","All India"
"Coal","655","1127","481","439","12","2714"
"Lignite","19","16","44","0","0","79"
"Hydro","352","9","28","97","23","509"
"Nuclear","27","31","55","0","0","112"
"Gas, Naptha & Diesel","31","40","14","0","28","112"
"RES (Wind, Solar, Biomass & Others)","79","156","319","2","0","556"
"Total","1163","1377","941","538","63","4082"
