"","NR","WR","SR","ER","NER","All India"
"Coal","440","1239","523","459","12","2672"
"Lignite","27","17","51","0","0","94"
"Hydro","133","43","88","27","4","294"
"Nuclear","19","37","45","0","0","100"
"Gas, Naptha & Diesel","37","46","16","0","14","114"
"RES (Wind, Solar, Biomass & Others)","81","100","205","1","0","388"
"Total","737","1481","928","487","30","3663"
