"","NR","WR","SR","ER","NER","Total"
"Thermal (Coal & Lignite)","585","1130","541","355","5","2616"
"Hydro","178","22","109","98","22","428"
"Nuclear","32","16","42","0","0","90"
"Gas, Naptha & Diesel","65","74","17","0","24","180"
"RES (Wind, Solar, Biomass & Others)","11","18","94","2","0","125"
"Total","872","1260","802","454","51","3440"
