"","NR","WR","SR","ER","NER","Total"
"Thermal (Coal & Lignite)","573","1141","476","384","9","2584"
"Hydro","144","16","89","77","20","345"
"Nuclear","33","16","48","0","0","97"
"Gas, Naptha & Diesel","60","59","18","0","25","162"
"RES (Wind, Solar, Biomass & Others)","10","38","107","1","0","157"
"Total","821","1271","739","462","53","3345"
