"","NR","WR","SR","ER","NER","All India"
"Coal","449","1123","438","406","11","2427"
"Lignite","20","15","44","0","0","80"
"Hydro","119","43","70","32","9","272"
"Nuclear","29","28","44","0","0","101"
"Gas, Naptha & Diesel","29","27","16","0","23","96"
"RES (Wind, Solar, Biomass & Others)","83","124","169","2","0","378"
"Total","729","1360","782","440","43","3353"
