"","NR","WR","SR","ER","NER","All India"
"Coal","280","851","331","373","11","1846"
"Lignite","18","12","47","0","0","78"
"Hydro","141","37","62","47","3","291"
"Nuclear","28","36","52","0","0","115"
"Gas, Naptha & Diesel","24","75","20","0","28","146"
"RES (Wind, Solar, Biomass & Others)","83","75","137","5","0","299"
"Total","574","1085","649","425","41","2775"
