"","NR","WR","SR","ER","NER","All India"
"Coal","667","1078","454","446","25","2671"
"Lignite","22","15","49","0","0","86"
"Hydro","365","13","41","93","37","548"
"Nuclear","27","27","55","0","0","109"
"Gas, Naptha & Diesel","34","41","16","0","50","142"
"RES (Wind, Solar, Biomass & Others)","70","114","297","2","0","484"
"Total","1186","1289","912","541","113","4041"
