"","NR","WR","SR","ER","NER","All India"
"Coal","481","1198","472","445","13","2608"
"Lignite","20","17","52","0","0","88"
"Hydro","118","38","78","32","9","275"
"Nuclear","29","27","44","0","0","101"
"Gas, Naptha & Diesel","28","29","18","0","24","98"
"RES (Wind, Solar, Biomass & Others)","68","120","159","2","0","348"
"Total","742","1427","822","479","46","3517"
