"","NR","WR","SR","ER","NER","All India"
"Coal","578","1108","478","418","5","2587"
"Lignite","22","19","51","0","0","92"
"Hydro","117","28","71","30","8","254"
"Nuclear","24","19","36","0","0","80"
"Gas, Naptha & Diesel","32","42","22","0","29","125"
"RES (Wind, Solar, Biomass & Others)","60","61","150","1","0","273"
"Total","833","1277","809","449","42","3411"
