"","NR","WR","SR","ER","NER","All India"
"Coal","570","1260","487","444","8","2768"
"Lignite","21","13","44","0","0","78"
"Hydro","260","19","46","89","17","431"
"Nuclear","28","31","58","0","0","117"
"Gas, Naptha & Diesel","35","42","14","0","30","121"
"RES (Wind, Solar, Biomass & Others)","59","110","240","2","0","412"
"Total","973","1475","888","535","55","3926"
