"","NR","WR","SR","ER","NER","All India"
"Coal","311","1010","515","373","10","2220"
"Lignite","16","12","46","0","0","73"
"Hydro","125","39","78","24","6","271"
"Nuclear","24","37","45","0","0","105"
"Gas, Naptha & Diesel","23","42","18","0","19","101"
"RES (Wind, Solar, Biomass & Others)","95","116","157","2","0","370"
"Total","594","1255","858","398","34","3140"
