"","NR","WR","SR","ER","NER","All India"
"Coal","542","1167","511","410","5","2635"
"Lignite","19","16","52","0","0","86"
"Hydro","115","27","82","27","7","257"
"Nuclear","29","19","36","0","0","85"
"Gas, Naptha & Diesel","27","43","22","0","29","121"
"RES (Wind, Solar, Biomass & Others)","53","41","118","1","0","213"
"Total","785","1312","820","437","42","3396"
