"","NR","WR","SR","ER","NER","All India"
"Thermal (Coal & Lignite)","619","1147","523","470","9","2769"
"Hydro","302","19","44","73","17","455"
"Nuclear","31","29","46","0","0","107"
"Gas, Naptha & Diesel","28","49","19","0","23","119"
"RES (Wind, Solar, Biomass & Others)","77","109","185","1","0","372"
"Total","1058","1353","817","544","50","3822"
