"","NR","WR","SR","ER","NER","All India"
"Coal","510","1031","435","358","8","2342"
"Lignite","19","12","31","0","0","62"
"Hydro","352","101","132","121","20","727"
"Nuclear","27","31","55","0","0","113"
"Gas, Naptha & Diesel","36","43","15","0","23","117"
"RES (Wind, Solar, Biomass & Others)","74","95","254","2","0","424"
"Total","1018","1314","922","481","50","3785"
