"","NR","WR","SR","ER","NER","All India"
"Thermal (Coal & Lignite)","476","1066","465","420","5","2432"
"Hydro","356","24","108","79","25","593"
"Nuclear","27","29","63","0","0","120"
"Gas, Naptha & Diesel","16","42","24","0","25","108"
"RES (Wind, Solar, Biomass & Others)","75","154","290","1","0","519"
"Total","950","1316","950","500","56","3771"
