"","NR","WR","SR","ER","NER","All India"
"Thermal (Coal & Lignite)","588","1063","493","438","10","2592"
"Hydro","285","17","58","96","27","483"
"Nuclear","27","28","45","0","0","100"
"Gas, Naptha & Diesel","48","51","24","0","23","146"
"RES (Wind, Solar, Biomass & Others)","43","131","272","1","0","448"
"Total","992","1291","892","535","59","3769"
