"","NR","WR","SR","ER","NER","All India"
"Coal","409","1069","367","424","10","2280"
"Lignite","24","17","44","0","0","85"
"Hydro","133","49","86","37","9","314"
"Nuclear","19","28","58","0","0","104"
"Gas, Naptha & Diesel","24","39","15","0","24","101"
"RES (Wind, Solar, Biomass & Others)","71","96","134","2","0","302"
"Total","680","1298","703","462","43","3187"
