"","NR","WR","SR","ER","NER","All India"
"Coal","514","1203","479","417","13","2627"
"Lignite","23","13","49","0","0","86"
"Hydro","113","39","102","33","8","295"
"Nuclear","30","27","44","0","0","101"
"Gas, Naptha & Diesel","29","38","17","0","23","106"
"RES (Wind, Solar, Biomass & Others)","67","62","136","1","0","267"
"Total","776","1383","827","451","44","3481"
