"","NR","WR","SR","ER","NER","All India"
"Coal","519","930","322","349","7","2127"
"Lignite","19","14","44","0","0","77"
"Hydro","354","76","118","122","25","695"
"Nuclear","27","29","54","0","0","110"
"Gas, Naptha & Diesel","38","42","15","0","27","122"
"RES (Wind, Solar, Biomass & Others)","61","171","295","2","0","529"
"Total","1019","1261","848","473","59","3660"
