"","NR","WR","SR","ER","NER","All India"
"Thermal (Coal & Lignite)","692","1229","592","374","5","2891"
"Hydro","235","38","107","106","23","508"
"Nuclear","23","27","30","0","0","80"
"Gas, Naptha & Diesel","50","84","25","0","23","181"
"RES (Wind, Solar, Biomass & Others)","53","36","116","1","0","206"
"Total","1053","1414","869","480","50","3866"
