"","NR","WR","SR","ER","NER","All India"
"Thermal (Coal & Lignite)","624","1198","607","365","5","2798"
"Hydro","264","46","93","110","24","537"
"Nuclear","23","27","29","0","0","80"
"Gas, Naptha & Diesel","53","75","24","0","23","176"
"RES (Wind, Solar, Biomass & Others)","43","37","113","1","0","195"
"Total","1007","1384","866","476","52","3785"
