"","NR","WR","SR","ER","NER","All India"
"Coal","455","1068","423","428","12","2385"
"Lignite","18","13","50","0","0","81"
"Hydro","134","47","138","60","13","392"
"Nuclear","28","24","55","0","0","106"
"Gas, Naptha & Diesel","30","40","16","0","24","109"
"RES (Wind, Solar, Biomass & Others)","47","32","116","2","0","196"
"Total","712","1223","798","490","48","3270"
