"","NR","WR","SR","ER","NER","All India"
"Thermal (Coal & Lignite)","569","1230","545","383","11","2738"
"Hydro","151","23","116","65","13","369"
"Nuclear","24","30","43","0","0","98"
"Gas, Naptha & Diesel","58","84","24","0","28","194"
"RES (Wind, Solar, Biomass & Others)","46","61","142","1","0","250"
"Total","849","1428","870","450","52","3650"
