"","NR","WR","SR","ER","NER","All India"
"Coal","506","1274","617","502","11","2910"
"Lignite","23","18","53","0","0","93"
"Hydro","202","28","69","35","4","339"
"Nuclear","23","31","34","0","0","88"
"Gas, Naptha & Diesel","30","56","17","0","20","123"
"RES (Wind, Solar, Biomass & Others)","76","102","155","1","0","333"
"Total","860","1508","945","538","36","3886"
