"","NR","WR","SR","ER","NER","All India"
"Coal","452","1300","546","461","11","2770"
"Lignite","25","17","51","0","0","92"
"Hydro","137","47","90","33","6","313"
"Nuclear","19","37","45","0","0","100"
"Gas, Naptha & Diesel","39","60","16","0","13","128"
"RES (Wind, Solar, Biomass & Others)","100","68","216","1","0","386"
"Total","772","1528","963","495","30","3789"
