"","NR","WR","SR","ER","NER","Total"
"Thermal (Coal & Lignite)","546","1123","590","375","5","2640"
"Hydro","138","23","79","59","20","319"
"Nuclear","33","16","48","0","0","97"
"Gas, Naptha & Diesel","34","68","23","0","23","148"
"RES (Wind, Solar, Biomass & Others)","12","22","91","1","0","125"
"Total","763","1253","831","434","49","3330"
