"","NR","WR","SR","ER","NER","All India"
"Coal","425","1248","530","455","11","2669"
"Lignite","27","17","54","0","0","98"
"Hydro","132","38","81","34","4","288"
"Nuclear","19","37","45","0","0","101"
"Gas, Naptha & Diesel","36","47","16","0","15","113"
"RES (Wind, Solar, Biomass & Others)","85","104","210","1","0","400"
"Total","724","1491","935","490","29","3670"
