"","NR","WR","SR","ER","NER","All India"
"Coal","621","1221","524","448","11","2825"
"Lignite","19","12","49","0","0","80"
"Hydro","330","36","42","117","30","555"
"Nuclear","27","31","60","0","0","118"
"Gas, Naptha & Diesel","25","66","11","0","27","128"
"RES (Wind, Solar, Biomass & Others)","45","76","242","2","0","365"
"Total","1067","1442","928","567","67","4071"
