"","NR","WR","SR","ER","NER","All India"
"Thermal (Coal & Lignite)","511","1091","506","375","7","2490"
"Hydro","353","35","138","123","24","673"
"Nuclear","18","27","19","0","0","65"
"Gas, Naptha & Diesel","24","48","21","0","18","112"
"RES (Wind, Solar, Biomass & Others)","53","99","282","0","0","435"
"Total","960","1301","966","498","50","3774"
