"","NR","WR","SR","ER","NER","All India"
"Coal","478","1176","505","433","9","2601"
"Lignite","24","16","52","0","0","93"
"Hydro","123","36","68","29","9","264"
"Nuclear","25","20","40","0","0","84"
"Gas, Naptha & Diesel","33","35","17","0","22","108"
"RES (Wind, Solar, Biomass & Others)","81","126","140","2","0","348"
"Total","764","1409","823","463","40","3499"
