"","NR","WR","SR","ER","NER","All India"
"Thermal (Coal & Lignite)","540","1017","405","419","8","2390"
"Hydro","316","23","69","93","28","530"
"Nuclear","27","30","46","0","0","103"
"Gas, Naptha & Diesel","25","39","23","0","24","110"
"RES (Wind, Solar, Biomass & Others)","35","96","290","1","0","422"
"Total","943","1205","833","513","61","3555"
