"","NR","WR","SR","ER","NER","All India"
"Thermal (Coal & Lignite)","519","1187","614","374","4","2698"
"Hydro","293","51","97","107","26","575"
"Nuclear","24","27","24","0","0","75"
"Gas, Naptha & Diesel","34","81","25","0","24","163"
"RES (Wind, Solar, Biomass & Others)","52","50","108","1","0","211"
"Total","923","1396","868","482","54","3723"
