"","NR","WR","SR","ER","NER","All India"
"Coal","471","1018","338","398","11","2236"
"Lignite","17","13","47","0","0","76"
"Hydro","138","55","164","70","12","438"
"Nuclear","28","24","60","0","0","111"
"Gas, Naptha & Diesel","29","44","16","0","24","113"
"RES (Wind, Solar, Biomass & Others)","37","30","119","2","0","188"
"Total","719","1183","743","469","48","3163"
