"","NR","WR","SR","ER","NER","All India"
"Coal","533","1186","500","416","9","2644"
"Lignite","19","16","50","0","0","86"
"Hydro","121","24","77","29","7","258"
"Nuclear","29","19","36","0","0","85"
"Gas, Naptha & Diesel","25","40","23","0","28","117"
"RES (Wind, Solar, Biomass & Others)","63","45","139","1","0","247"
"Total","791","1331","825","445","44","3436"
