"","NR","WR","SR","ER","NER","All India"
"Coal","457","980","323","345","10","2116"
"Lignite","16","11","51","0","0","78"
"Hydro","150","47","145","85","12","439"
"Nuclear","25","29","60","0","0","114"
"Gas, Naptha & Diesel","25","40","15","0","22","103"
"RES (Wind, Solar, Biomass & Others)","41","105","138","1","0","285"
"Total","714","1213","733","430","44","3135"
