"","NR","WR","SR","ER","NER","All India"
"Coal","441","1206","569","403","9","2628"
"Lignite","20","17","47","0","0","84"
"Hydro","209","17","54","44","3","327"
"Nuclear","23","31","34","0","0","87"
"Gas, Naptha & Diesel","29","48","16","0","20","113"
"RES (Wind, Solar, Biomass & Others)","74","114","140","1","0","330"
"Total","796","1433","860","448","32","3569"
