"","NR","WR","SR","ER","NER","All India"
"Coal","453","1209","597","451","8","2718"
"Lignite","19","18","57","0","0","94"
"Hydro","144","30","62","32","4","272"
"Nuclear","28","31","36","0","0","95"
"Gas, Naptha & Diesel","18","41","17","0","28","105"
"RES (Wind, Solar, Biomass & Others)","58","74","166","1","0","300"
"Total","720","1404","936","484","40","3584"
