"","NR","WR","SR","ER","NER","All India"
"Coal","644","1298","575","470","15","3003"
"Lignite","24","14","45","0","0","83"
"Hydro","263","26","67","77","18","451"
"Nuclear","27","31","58","0","0","116"
"Gas, Naptha & Diesel","43","62","15","0","28","147"
"RES (Wind, Solar, Biomass & Others)","66","124","207","2","0","399"
"Total","1067","1555","967","549","61","4199"
