"","NR","WR","SR","ER","NER","All India"
"Coal","496","1220","604","460","8","2789"
"Lignite","17","19","51","0","0","86"
"Hydro","134","30","83","31","4","283"
"Nuclear","28","31","32","0","0","91"
"Gas, Naptha & Diesel","22","43","16","0","23","103"
"RES (Wind, Solar, Biomass & Others)","86","62","156","1","0","305"
"Total","783","1404","942","492","35","3657"
