"","NR","WR","SR","ER","NER","All India"
"Thermal (Coal & Lignite)","679","1211","541","435","9","2874"
"Hydro","197","18","42","76","23","355"
"Nuclear","30","29","37","0","0","96"
"Gas, Naptha & Diesel","40","59","19","0","23","141"
"RES (Wind, Solar, Biomass & Others)","67","150","222","1","0","440"
"Total","1013","1466","860","511","56","3906"
