"","NR","WR","SR","ER","NER","All India"
"Thermal (Coal & Lignite)","474","1078","630","365","4","2551"
"Hydro","299","62","102","118","28","608"
"Nuclear","23","27","19","0","0","70"
"Gas, Naptha & Diesel","31","52","25","0","22","130"
"RES (Wind, Solar, Biomass & Others)","55","64","111","1","0","231"
"Total","882","1283","887","484","54","3590"
