"","NR","WR","SR","ER","NER","All India"
"Thermal (Coal & Lignite)","553","1070","452","390","7","2473"
"Hydro","333","14","97","108","28","580"
"Nuclear","28","27","24","0","0","79"
"Gas, Naptha & Diesel","20","41","24","0","25","110"
"RES (Wind, Solar, Biomass & Others)","70","183","299","1","0","552"
"Total","1003","1335","896","499","61","3794"
