"","NR","WR","SR","ER","NER","Total"
"Thermal (Coal & Lignite)","534","1154","527","348","9","2573"
"Hydro","131","24","75","54","18","302"
"Nuclear","33","16","51","0","0","99"
"Gas, Naptha & Diesel","39","59","19","0","24","142"
"RES (Wind, Solar, Biomass & Others)","11","31","86","1","0","128"
"Total","748","1283","758","403","51","3244"
