"","NR","WR","SR","ER","NER","All India"
"Coal","579","1162","447","430","8","2626"
"Lignite","23","17","48","0","0","88"
"Hydro","114","29","62","28","7","241"
"Nuclear","24","31","31","0","0","86"
"Gas, Naptha & Diesel","31","42","20","0","30","123"
"RES (Wind, Solar, Biomass & Others)","50","39","149","1","0","240"
"Total","821","1319","758","459","46","3403"
