"","NR","WR","SR","ER","NER","All India"
"Coal","503","1016","429","397","8","2353"
"Lignite","18","14","33","0","0","65"
"Hydro","341","17","36","124","28","545"
"Nuclear","27","29","23","0","0","79"
"Gas, Naptha & Diesel","20","40","15","0","28","103"
"RES (Wind, Solar, Biomass & Others)","102","180","309","2","0","593"
"Total","1010","1296","845","523","64","3738"
