"","NR","WR","SR","ER","NER","All India"
"Coal","503","959","396","372","6","2236"
"Lignite","18","15","40","0","0","72"
"Hydro","370","12","30","112","22","546"
"Nuclear","27","27","55","0","0","110"
"Gas, Naptha & Diesel","30","35","16","0","26","106"
"RES (Wind, Solar, Biomass & Others)","79","166","298","2","0","545"
"Total","1027","1214","835","485","55","3616"
