"","NR","WR","SR","ER","NER","Total"
"Thermal (Coal & Lignite)","590","1154","567","392","6","2708"
"Hydro","260","42","70","109","22","504"
"Nuclear","28","3","41","0","0","72"
"Gas, Naptha & Diesel","67","70","17","0","23","178"
"RES (Wind, Solar, Biomass & Others)","14","28","133","1","0","176"
"Total","958","1298","829","502","51","3637"
