"","NR","WR","SR","ER","NER","All India"
"Thermal (Coal & Lignite)","556","1257","596","391","8","2808"
"Hydro","308","37","96","127","30","597"
"Nuclear","23","27","20","0","0","70"
"Gas, Naptha & Diesel","25","68","25","0","22","140"
"RES (Wind, Solar, Biomass & Others)","71","91","153","1","0","316"
"Total","983","1481","888","518","60","3931"
