"","NR","WR","SR","ER","NER","All India"
"Coal","463","1032","444","360","9","2308"
"Lignite","22","10","44","0","0","76"
"Hydro","343","110","149","131","21","755"
"Nuclear","27","30","55","0","0","112"
"Gas, Naptha & Diesel","39","48","17","0","23","127"
"RES (Wind, Solar, Biomass & Others)","56","77","193","3","0","329"
"Total","950","1308","902","493","53","3706"
