"","NR","WR","SR","ER","NER","Total"
"Thermal (Coal & Lignite)","612","1147","546","386","5","2696"
"Hydro","247","18","56","104","21","446"
"Nuclear","28","3","43","0","0","74"
"Gas, Naptha & Diesel","69","67","17","0","22","176"
"RES (Wind, Solar, Biomass & Others)","19","30","155","1","0","205"
"Total","974","1265","818","492","49","3597"
