"","NR","WR","SR","ER","NER","All India"
"Coal","265","740","353","363","7","1728"
"Lignite","16","11","48","0","0","75"
"Hydro","172","33","76","47","5","334"
"Nuclear","24","36","63","0","0","123"
"Gas, Naptha & Diesel","27","61","19","0","19","126"
"RES (Wind, Solar, Biomass & Others)","77","77","140","5","0","299"
"Total","582","958","699","415","31","2685"
