"","NR","WR","SR","ER","NER","All India"
"Coal","434","1168","598","441","7","2647"
"Lignite","19","18","56","0","0","93"
"Hydro","144","27","67","24","4","266"
"Nuclear","29","31","36","0","0","96"
"Gas, Naptha & Diesel","17","39","17","0","28","102"
"RES (Wind, Solar, Biomass & Others)","63","79","141","1","0","284"
"Total","705","1362","915","466","39","3488"
