"","NR","WR","SR","ER","NER","All India"
"Thermal (Coal & Lignite)","613","1270","596","392","4","2876"
"Hydro","196","26","133","78","18","450"
"Nuclear","24","20","34","0","0","78"
"Gas, Naptha & Diesel","41","70","24","0","29","164"
"RES (Wind, Solar, Biomass & Others)","52","50","136","0","0","238"
"Total","925","1436","923","470","51","3805"
