"","NR","WR","SR","ER","NER","All India"
"Thermal (Coal & Lignite)","537","1081","473","386","5","2481"
"Hydro","330","18","104","104","27","583"
"Nuclear","27","27","24","0","0","79"
"Gas, Naptha & Diesel","18","41","23","0","26","108"
"RES (Wind, Solar, Biomass & Others)","62","191","319","0","0","572"
"Total","975","1358","942","491","57","3823"
