"","NR","WR","SR","ER","NER","All India"
"Thermal (Coal & Lignite)","657","1050","474","406","8","2594"
"Hydro","288","14","49","70","24","444"
"Nuclear","26","30","45","0","0","100"
"Gas, Naptha & Diesel","45","41","15","0","22","123"
"RES (Wind, Solar, Biomass & Others)","56","148","308","1","0","513"
"Total","1072","1282","890","476","54","3774"
