"","NR","WR","SR","ER","NER","All India"
"Coal","470","1189","594","466","8","2726"
"Lignite","20","18","41","0","0","79"
"Hydro","136","21","63","27","4","250"
"Nuclear","28","31","31","0","0","90"
"Gas, Naptha & Diesel","22","41","17","0","29","109"
"RES (Wind, Solar, Biomass & Others)","71","68","140","1","0","280"
"Total","747","1367","886","494","41","3536"
