"","NR","WR","SR","ER","NER","All India"
"Coal","337","1064","520","468","10","2399"
"Lignite","22","15","47","0","0","84"
"Hydro","143","41","67","31","5","287"
"Nuclear","24","37","57","0","0","118"
"Gas, Naptha & Diesel","30","65","18","0","23","135"
"RES (Wind, Solar, Biomass & Others)","77","110","179","2","0","367"
"Total","634","1331","887","501","38","3391"
