"","NR","WR","SR","ER","NER","All India"
"Coal","499","1010","407","390","10","2316"
"Lignite","18","12","47","0","0","77"
"Hydro","176","71","136","112","15","509"
"Nuclear","28","29","60","0","0","116"
"Gas, Naptha & Diesel","28","74","15","0","24","140"
"RES (Wind, Solar, Biomass & Others)","41","44","112","2","0","200"
"Total","789","1240","776","504","49","3358"
