"","NR","WR","SR","ER","NER","All India"
"Thermal (Coal & Lignite)","604","1167","461","407","9","2647"
"Hydro","277","22","129","108","26","562"
"Nuclear","27","27","24","0","0","79"
"Gas, Naptha & Diesel","25","41","22","0","25","113"
"RES (Wind, Solar, Biomass & Others)","36","88","325","1","0","449"
"Total","969","1344","961","516","60","3849"
