"","NR","WR","SR","ER","NER","All India"
"Coal","556","1264","528","493","12","2851"
"Lignite","16","14","44","0","0","74"
"Hydro","261","51","73","84","19","489"
"Nuclear","28","31","37","0","0","95"
"Gas, Naptha & Diesel","36","49","15","0","29","129"
"RES (Wind, Solar, Biomass & Others)","95","129","242","2","0","468"
"Total","991","1538","938","579","60","4107"
