"","NR","WR","SR","ER","NER","All India"
"Coal","523","971","464","392","7","2356"
"Lignite","21","12","44","0","0","77"
"Hydro","255","123","148","138","27","691"
"Nuclear","27","29","60","0","0","116"
"Gas, Naptha & Diesel","42","81","16","0","25","164"
"RES (Wind, Solar, Biomass & Others)","45","34","107","2","0","188"
"Total","913","1250","839","531","59","3592"
