"","NR","WR","SR","ER","NER","All India"
"Thermal (Coal & Lignite)","588","1010","409","415","8","2430"
"Hydro","312","21","71","94","28","526"
"Nuclear","27","30","46","0","0","103"
"Gas, Naptha & Diesel","31","45","23","0","24","123"
"RES (Wind, Solar, Biomass & Others)","48","103","303","1","0","455"
"Total","1007","1208","851","511","60","3637"
