"","NR","WR","SR","ER","NER","All India"
"Coal","491","1217","455","424","13","2601"
"Lignite","23","13","54","0","0","90"
"Hydro","122","41","84","32","9","288"
"Nuclear","28","27","44","0","0","100"
"Gas, Naptha & Diesel","34","29","17","0","24","105"
"RES (Wind, Solar, Biomass & Others)","69","87","156","1","0","313"
"Total","768","1415","811","458","46","3497"
