"","NR","WR","SR","ER","NER","All India"
"Coal","536","1109","417","414","7","2484"
"Lignite","24","15","53","0","0","91"
"Hydro","157","78","147","100","12","494"
"Nuclear","28","29","52","0","0","109"
"Gas, Naptha & Diesel","28","74","14","0","23","139"
"RES (Wind, Solar, Biomass & Others)","37","48","115","2","0","202"
"Total","810","1352","797","517","42","3519"
