"","NR","WR","SR","ER","NER","All India"
"Thermal (Coal & Lignite)","575","1166","443","394","9","2587"
"Hydro","257","24","126","106","25","537"
"Nuclear","27","27","24","0","0","79"
"Gas, Naptha & Diesel","21","50","23","0","26","120"
"RES (Wind, Solar, Biomass & Others)","39","93","280","1","0","413"
"Total","920","1361","896","500","59","3736"
