"","NR","WR","SR","ER","NER","All India"
"Coal","441","1134","425","423","12","2436"
"Lignite","20","16","37","0","0","73"
"Hydro","132","42","82","38","9","304"
"Nuclear","29","28","55","0","0","112"
"Gas, Naptha & Diesel","15","56","15","0","23","110"
"RES (Wind, Solar, Biomass & Others)","68","83","178","2","0","331"
"Total","706","1360","793","462","45","3365"
