"","NR","WR","SR","ER","NER","All India"
"Coal","544","1338","583","487","10","2963"
"Lignite","19","16","54","0","0","90"
"Hydro","254","51","77","66","6","454"
"Nuclear","27","28","37","0","0","92"
"Gas, Naptha & Diesel","35","45","16","0","27","124"
"RES (Wind, Solar, Biomass & Others)","63","86","159","2","0","310"
"Total","943","1564","927","556","43","4033"
