"","NR","WR","SR","ER","NER","All India"
"Coal","534","1163","488","441","8","2634"
"Lignite","18","15","44","0","0","77"
"Hydro","119","26","70","18","7","239"
"Nuclear","24","30","33","0","0","87"
"Gas, Naptha & Diesel","26","36","16","0","28","106"
"RES (Wind, Solar, Biomass & Others)","65","44","173","1","0","282"
"Total","785","1314","823","460","43","3425"
