"","NR","WR","SR","ER","NER","All India"
"Coal","569","1262","572","453","4","2860"
"Lignite","17","16","54","0","0","87"
"Hydro","279","40","54","83","23","479"
"Nuclear","27","31","58","0","0","116"
"Gas, Naptha & Diesel","42","51","8","0","28","130"
"RES (Wind, Solar, Biomass & Others)","64","119","182","2","0","367"
"Total","998","1519","927","538","56","4038"
