"","NR","WR","SR","ER","NER","All India"
"Coal","352","1049","480","420","10","2311"
"Lignite","18","14","43","0","0","75"
"Hydro","145","33","76","32","5","291"
"Nuclear","20","33","69","0","0","122"
"Gas, Naptha & Diesel","25","53","17","0","23","118"
"RES (Wind, Solar, Biomass & Others)","67","66","132","5","0","270"
"Total","626","1248","817","457","38","3187"
