"","NR","WR","SR","ER","NER","All India"
"Thermal (Coal & Lignite)","495","1002","417","390","7","2312"
"Hydro","336","17","100","83","22","558"
"Nuclear","27","30","38","0","0","95"
"Gas, Naptha & Diesel","22","39","22","0","24","106"
"RES (Wind, Solar, Biomass & Others)","52","143","307","1","0","503"
"Total","932","1231","884","474","53","3574"
