"","NR","WR","SR","ER","NER","All India"
"Coal","646","1063","471","386","10","2576"
"Lignite","20","12","46","0","0","77"
"Hydro","371","116","112","129","19","748"
"Nuclear","27","31","55","0","0","114"
"Gas, Naptha & Diesel","38","49","16","0","20","123"
"RES (Wind, Solar, Biomass & Others)","43","67","258","2","0","370"
"Total","1145","1338","959","517","48","4008"
