"","NR","WR","SR","ER","NER","Total"
"Thermal (Coal & Lignite)","591","1078","471","374","5","2518"
"Hydro","244","13","51","101","21","430"
"Nuclear","28","3","50","0","0","81"
"Gas, Naptha & Diesel","45","62","17","0","23","146"
"RES (Wind, Solar, Biomass & Others)","22","39","142","1","0","204"
"Total","929","1194","731","476","49","3379"
