"","NR","WR","SR","ER","NER","All India"
"Coal","557","1110","452","422","5","2546"
"Lignite","18","17","56","0","0","91"
"Hydro","112","23","59","25","6","226"
"Nuclear","25","19","36","0","0","80"
"Gas, Naptha & Diesel","29","42","19","0","30","119"
"RES (Wind, Solar, Biomass & Others)","61","44","149","1","0","255"
"Total","802","1255","771","448","41","3317"
