"","NR","WR","SR","ER","NER","All India"
"Coal","421","957","372","340","7","2096"
"Lignite","21","13","41","0","0","74"
"Hydro","286","112","153","126","27","703"
"Nuclear","27","27","60","0","0","114"
"Gas, Naptha & Diesel","40","60","16","0","26","142"
"RES (Wind, Solar, Biomass & Others)","48","41","124","2","0","214"
"Total","843","1208","766","467","60","3344"
