"","NR","WR","SR","ER","NER","All India"
"Coal","424","1096","473","394","10","2397"
"Lignite","19","10","34","0","0","63"
"Hydro","347","18","51","112","30","558"
"Nuclear","27","30","58","0","0","116"
"Gas, Naptha & Diesel","29","44","12","0","29","114"
"RES (Wind, Solar, Biomass & Others)","99","185","253","2","0","540"
"Total","945","1384","882","509","69","3788"
