"","NR","WR","SR","ER","NER","All India"
"Coal","535","1034","406","363","11","2349"
"Lignite","20","12","42","0","0","75"
"Hydro","334","20","52","124","26","556"
"Nuclear","27","31","60","0","0","118"
"Gas, Naptha & Diesel","30","39","15","0","29","112"
"RES (Wind, Solar, Biomass & Others)","49","180","243","2","0","474"
"Total","996","1315","817","489","66","3684"
