"","NR","WR","SR","ER","NER","All India"
"Thermal (Coal & Lignite)","665","1189","597","402","5","2857"
"Hydro","199","71","114","90","18","493"
"Nuclear","18","12","34","0","0","64"
"Gas, Naptha & Diesel","64","99","24","0","28","216"
"RES (Wind, Solar, Biomass & Others)","61","37","131","1","0","229"
"Total","1007","1407","900","493","51","3859"
