"","NR","WR","SR","ER","NER","All India"
"Coal","462","1178","570","428","8","2646"
"Lignite","18","18","44","0","0","80"
"Hydro","144","27","66","26","4","267"
"Nuclear","27","31","36","0","0","94"
"Gas, Naptha & Diesel","17","39","18","0","31","105"
"RES (Wind, Solar, Biomass & Others)","67","95","177","1","0","341"
"Total","736","1388","912","455","42","3533"
