"","NR","WR","SR","ER","NER","All India"
"Coal","399","1111","412","413","11","2345"
"Lignite","20","12","40","0","0","73"
"Hydro","141","41","87","37","9","316"
"Nuclear","28","28","60","0","0","116"
"Gas, Naptha & Diesel","15","50","15","0","24","104"
"RES (Wind, Solar, Biomass & Others)","68","106","162","2","0","338"
"Total","672","1348","775","452","45","3292"
