"","NR","WR","SR","ER","NER","All India"
"Coal","558","1173","477","429","5","2642"
"Lignite","21","19","59","0","0","99"
"Hydro","115","32","76","30","9","261"
"Nuclear","24","29","32","0","0","85"
"Gas, Naptha & Diesel","29","41","20","0","25","116"
"RES (Wind, Solar, Biomass & Others)","58","44","155","1","0","258"
"Total","805","1339","818","460","39","3461"
