"","NR","WR","SR","ER","NER","All India"
"Coal","541","992","384","428","8","2353"
"Lignite","19","8","41","0","0","69"
"Hydro","361","97","130","138","19","746"
"Nuclear","27","31","55","0","0","113"
"Gas, Naptha & Diesel","39","46","16","0","21","122"
"RES (Wind, Solar, Biomass & Others)","51","83","295","2","0","432"
"Total","1039","1258","922","568","48","3835"
