"","NR","WR","SR","ER","NER","0"
"Coal","551","1267","635","507","10","2969"
"Lignite","24","14","52","0","0","90"
"Hydro","165","31","94","39","4","333"
"Nuclear","23","31","34","0","0","88"
"Gas, Naptha & Diesel","18","45","17","0","29","109"
"RES (Wind, Solar, Biomass & Others)","65","80","150","1","0","295"
"Total","846","1468","982","547","43","3885"
