"","NR","WR","SR","ER","NER","All India"
"Coal","608","1147","548","407","5","2715"
"Lignite","24","17","53","0","0","95"
"Hydro","115","30","75","28","7","256"
"Nuclear","26","18","36","0","0","81"
"Gas, Naptha & Diesel","29","41","19","0","30","118"
"RES (Wind, Solar, Biomass & Others)","56","60","131","0","0","247"
"Total","858","1314","862","436","42","3512"
