"","NR","WR","SR","ER","NER","All India"
"Coal","391","1205","556","453","11","2617"
"Lignite","14","16","46","0","0","76"
"Hydro","141","38","110","27","5","320"
"Nuclear","24","37","45","0","0","105"
"Gas, Naptha & Diesel","35","69","18","0","17","139"
"RES (Wind, Solar, Biomass & Others)","90","108","155","2","0","355"
"Total","695","1473","929","481","34","3611"
