"","NR","WR","SR","ER","NER","All India"
"Coal","503","1189","476","405","4","2576"
"Lignite","21","15","51","0","0","87"
"Hydro","114","25","74","30","7","250"
"Nuclear","25","19","36","0","0","80"
"Gas, Naptha & Diesel","26","37","23","0","30","116"
"RES (Wind, Solar, Biomass & Others)","62","46","157","1","0","266"
"Total","751","1331","817","435","40","3375"
