"","NR","WR","SR","ER","NER","All India"
"Coal","420","1065","394","403","11","2292"
"Lignite","17","16","44","0","0","77"
"Hydro","137","42","132","59","12","382"
"Nuclear","28","24","55","0","0","107"
"Gas, Naptha & Diesel","29","45","15","0","24","113"
"RES (Wind, Solar, Biomass & Others)","52","47","130","2","0","231"
"Total","683","1239","769","464","47","3202"
