"","NR","WR","SR","ER","NER","All India"
"Coal","421","991","407","397","10","2226"
"Lignite","13","14","49","0","0","76"
"Hydro","137","34","122","54","12","360"
"Nuclear","22","24","55","0","0","100"
"Gas, Naptha & Diesel","29","34","16","0","23","102"
"RES (Wind, Solar, Biomass & Others)","74","103","113","1","0","292"
"Total","697","1200","761","453","46","3156"
