"","NR","WR","SR","ER","NER","All India"
"Coal","588","1167","456","421","6","2637"
"Lignite","22","19","51","0","0","91"
"Hydro","112","26","69","30","8","245"
"Nuclear","24","31","32","0","0","87"
"Gas, Naptha & Diesel","30","42","20","0","30","123"
"RES (Wind, Solar, Biomass & Others)","66","44","147","1","0","258"
"Total","842","1330","773","452","44","3441"
