"","NR","WR","SR","ER","NER","All India"
"Coal","522","1283","624","495","9","2933"
"Lignite","23","16","51","0","0","90"
"Hydro","144","27","92","41","4","308"
"Nuclear","23","31","37","0","0","92"
"Gas, Naptha & Diesel","21","42","17","0","29","109"
"RES (Wind, Solar, Biomass & Others)","69","79","141","1","0","290"
"Total","803","1478","962","537","42","3822"
