"","NR","WR","SR","ER","NER","All India"
"Coal","553","1204","536","470","10","2774"
"Lignite","16","14","53","0","0","83"
"Hydro","262","53","64","78","18","474"
"Nuclear","28","31","37","0","0","95"
"Gas, Naptha & Diesel","37","53","14","0","29","133"
"RES (Wind, Solar, Biomass & Others)","68","99","168","2","0","338"
"Total","963","1454","872","550","57","3897"
