"","NR","WR","SR","ER","NER","All India"
"Coal","527","1191","510","418","6","2651"
"Lignite","15","15","52","0","0","82"
"Hydro","118","25","74","28","7","253"
"Nuclear","29","19","36","0","0","84"
"Gas, Naptha & Diesel","26","46","23","0","28","123"
"RES (Wind, Solar, Biomass & Others)","63","44","132","1","0","240"
"Total","779","1339","827","447","42","3434"
