"","NR","WR","SR","ER","NER","All India"
"Coal","558","1270","567","477","13","2883"
"Lignite","19","16","49","0","0","83"
"Hydro","246","41","74","61","14","436"
"Nuclear","28","31","32","0","0","91"
"Gas, Naptha & Diesel","29","47","15","0","30","121"
"RES (Wind, Solar, Biomass & Others)","69","109","173","2","0","352"
"Total","948","1513","909","540","57","3967"
