"","NR","WR","SR","ER","NER","All India"
"Coal","430","1046","416","406","10","2308"
"Lignite","15","14","49","0","0","77"
"Hydro","138","39","116","58","12","363"
"Nuclear","28","24","55","0","0","106"
"Gas, Naptha & Diesel","29","31","16","0","24","100"
"RES (Wind, Solar, Biomass & Others)","52","49","122","2","0","225"
"Total","691","1203","773","466","46","3179"
