"","NR","WR","SR","ER","NER","All India"
"Coal","515","1143","471","409","9","2548"
"Lignite","17","19","53","0","0","88"
"Hydro","115","23","75","24","7","243"
"Nuclear","24","29","32","0","0","85"
"Gas, Naptha & Diesel","26","42","18","0","29","115"
"RES (Wind, Solar, Biomass & Others)","58","71","160","1","0","291"
"Total","755","1327","809","434","45","3370"
