"","NR","WR","SR","ER","NER","Total"
"Thermal (Coal & Lignite)","565","1055","438","326","3","2387"
"Hydro","223","15","53","100","29","420"
"Nuclear","33","15","36","0","0","83"
"Gas, Naptha & Diesel","32","53","18","0","24","127"
"RES (Wind, Solar, Biomass & Others)","25","44","135","1","0","205"
"Total","879","1183","680","426","56","3223"
