"","NR","WR","SR","ER","NER","All India"
"Coal","500","1201","482","441","16","2641"
"Lignite","21","11","46","0","0","78"
"Hydro","328","41","48","122","30","569"
"Nuclear","27","31","56","0","0","114"
"Gas, Naptha & Diesel","26","77","11","0","29","144"
"RES (Wind, Solar, Biomass & Others)","72","95","244","2","0","414"
"Total","975","1456","888","565","75","3959"
