"","NR","WR","SR","ER","NER","All India"
"Coal","520","955","365","346","10","2196"
"Lignite","17","12","47","0","0","75"
"Hydro","342","21","104","117","26","610"
"Nuclear","27","31","55","0","0","113"
"Gas, Naptha & Diesel","36","49","16","0","29","130"
"RES (Wind, Solar, Biomass & Others)","86","158","286","2","0","532"
"Total","1027","1226","872","466","66","3657"
