"","NR","WR","SR","ER","NER","All India"
"Thermal (Coal & Lignite)","561","1188","603","373","4","2729"
"Hydro","287","60","100","107","26","580"
"Nuclear","23","27","30","0","0","80"
"Gas, Naptha & Diesel","49","72","25","0","23","169"
"RES (Wind, Solar, Biomass & Others)","47","38","113","1","0","199"
"Total","967","1386","870","481","53","3756"
