"","NR","WR","SR","ER","NER","All India"
"Coal","405","1105","430","426","8","2375"
"Lignite","24","13","44","0","0","82"
"Hydro","124","38","81","35","9","287"
"Nuclear","28","28","43","0","0","99"
"Gas, Naptha & Diesel","32","30","16","0","21","100"
"RES (Wind, Solar, Biomass & Others)","70","141","176","2","0","389"
"Total","684","1356","790","463","38","3331"
