"","NR","WR","SR","ER","NER","All India"
"Coal","501","1277","630","481","10","2900"
"Lignite","22","18","51","0","0","91"
"Hydro","139","32","91","42","3","308"
"Nuclear","23","31","37","0","0","91"
"Gas, Naptha & Diesel","26","40","17","0","29","111"
"RES (Wind, Solar, Biomass & Others)","63","75","147","1","0","287"
"Total","774","1473","973","525","42","3787"
