"","NR","WR","SR","ER","NER","All India"
"Thermal (Coal & Lignite)","599","1244","531","400","11","2784"
"Hydro","160","33","85","72","16","365"
"Nuclear","24","27","23","0","0","75"
"Gas, Naptha & Diesel","28","64","25","0","27","143"
"RES (Wind, Solar, Biomass & Others)","44","48","143","1","0","236"
"Total","855","1415","806","473","54","3603"
