"","NR","WR","SR","ER","NER","All India"
"Coal","494","1184","579","458","7","2723"
"Lignite","19","15","55","0","0","89"
"Hydro","180","29","65","47","3","324"
"Nuclear","23","31","33","0","0","87"
"Gas, Naptha & Diesel","15","41","17","0","25","97"
"RES (Wind, Solar, Biomass & Others)","70","110","159","1","0","340"
"Total","801","1410","908","506","35","3660"
