"","NR","WR","SR","ER","NER","All India"
"Thermal (Coal & Lignite)","687","1066","467","436","8","2663"
"Hydro","274","9","50","82","24","440"
"Nuclear","26","29","46","0","0","102"
"Gas, Naptha & Diesel","46","44","13","0","22","126"
"RES (Wind, Solar, Biomass & Others)","59","104","264","1","0","428"
"Total","1093","1252","840","519","55","3759"
