"","NR","WR","SR","ER","NER","All India"
"Coal","488","927","404","382","10","2211"
"Lignite","13","9","46","0","0","69"
"Hydro","206","95","95","118","24","539"
"Nuclear","28","30","59","0","0","116"
"Gas, Naptha & Diesel","31","63","15","0","29","138"
"RES (Wind, Solar, Biomass & Others)","58","35","112","2","0","207"
"Total","823","1160","731","503","64","3280"
