"","NR","WR","SR","ER","NER","All India"
"Thermal (Coal & Lignite)","547","1103","484","394","8","2535"
"Hydro","343","25","114","93","31","605"
"Nuclear","27","27","24","0","0","79"
"Gas, Naptha & Diesel","23","44","24","0","25","115"
"RES (Wind, Solar, Biomass & Others)","81","160","288","1","0","529"
"Total","1020","1358","935","488","64","3865"
