"","NR","WR","SR","ER","NER","All India"
"Coal","570","1128","457","402","10","2567"
"Lignite","21","17","56","0","0","94"
"Hydro","124","34","87","37","8","291"
"Nuclear","24","19","36","0","0","80"
"Gas, Naptha & Diesel","27","41","23","0","30","120"
"RES (Wind, Solar, Biomass & Others)","57","60","130","1","0","248"
"Total","823","1299","789","441","48","3400"
