"","NR","WR","SR","ER","NER","All India"
"Coal","573","990","419","424","12","2418"
"Lignite","22","12","43","0","0","76"
"Hydro","296","115","155","140","20","727"
"Nuclear","27","16","60","0","0","104"
"Gas, Naptha & Diesel","40","75","16","0","28","158"
"RES (Wind, Solar, Biomass & Others)","50","55","176","2","0","284"
"Total","1008","1263","869","567","59","3767"
