"","NR","WR","SR","ER","NER","All India"
"Coal","541","1066","440","423","9","2479"
"Lignite","20","14","47","0","0","81"
"Hydro","171","76","154","110","14","525"
"Nuclear","28","29","37","0","0","93"
"Gas, Naptha & Diesel","31","77","13","0","23","144"
"RES (Wind, Solar, Biomass & Others)","39","54","118","2","0","213"
"Total","830","1316","809","534","46","3536"
