"","NR","WR","SR","ER","NER","All India"
"Coal","406","995","379","385","10","2175"
"Lignite","14","16","40","0","0","70"
"Hydro","139","38","153","54","12","397"
"Nuclear","28","24","55","0","0","107"
"Gas, Naptha & Diesel","28","38","16","0","24","106"
"RES (Wind, Solar, Biomass & Others)","69","103","105","1","0","278"
"Total","685","1214","747","440","46","3132"
