"","NR","WR","SR","ER","NER","All India"
"Coal","342","1154","550","491","11","2547"
"Lignite","22","13","52","0","0","87"
"Hydro","143","51","88","33","7","321"
"Nuclear","24","37","45","0","0","105"
"Gas, Naptha & Diesel","25","62","17","0","22","127"
"RES (Wind, Solar, Biomass & Others)","69","76","166","1","0","312"
"Total","624","1392","918","525","41","3500"
