"","NR","WR","SR","ER","NER","All India"
"Coal","587","1130","538","417","4","2676"
"Lignite","18","15","56","0","0","89"
"Hydro","115","30","90","30","7","272"
"Nuclear","25","19","36","0","0","80"
"Gas, Naptha & Diesel","29","42","18","0","30","118"
"RES (Wind, Solar, Biomass & Others)","60","63","121","1","0","244"
"Total","834","1299","859","447","41","3480"
