"","NR","WR","SR","ER","NER","All India"
"Coal","478","1141","544","430","9","2603"
"Lignite","13","17","57","0","0","86"
"Hydro","116","22","81","24","5","248"
"Nuclear","19","31","26","0","0","76"
"Gas, Naptha & Diesel","17","36","18","0","27","98"
"RES (Wind, Solar, Biomass & Others)","64","62","133","1","0","260"
"Total","706","1309","860","455","40","3370"
