"","NR","WR","SR","ER","NER","All India"
"Coal","468","1207","462","447","14","2597"
"Lignite","22","15","44","0","0","81"
"Hydro","126","52","85","42","10","315"
"Nuclear","24","23","57","0","0","105"
"Gas, Naptha & Diesel","25","46","16","0","22","108"
"RES (Wind, Solar, Biomass & Others)","52","37","143","2","0","234"
"Total","716","1379","807","491","46","3439"
