"","NR","WR","SR","ER","NER","All India"
"Thermal (Coal & Lignite)","503","1096","483","430","9","2520"
"Hydro","324","12","61","77","24","498"
"Nuclear","27","27","45","0","0","99"
"Gas, Naptha & Diesel","28","48","18","0","21","116"
"RES (Wind, Solar, Biomass & Others)","54","92","156","1","0","303"
"Total","936","1276","763","508","54","3536"
