"","NR","WR","SR","ER","NER","All India"
"Coal","527","1216","541","471","15","2770"
"Lignite","17","15","48","0","0","79"
"Hydro","270","55","58","70","16","469"
"Nuclear","28","31","53","0","0","111"
"Gas, Naptha & Diesel","27","48","16","0","30","121"
"RES (Wind, Solar, Biomass & Others)","62","100","159","2","0","324"
"Total","931","1464","874","543","61","3874"
