"","NR","WR","SR","ER","NER","Total"
"Thermal (Coal & Lignite)","618","1081","522","367","4","2592"
"Hydro","196","21","99","88","22","425"
"Nuclear","33","15","41","0","0","89"
"Gas, Naptha & Diesel","63","70","17","0","25","175"
"RES (Wind, Solar, Biomass & Others)","11","37","122","8","0","179"
"Total","921","1224","801","464","51","3461"
