"","NR","WR","SR","ER","NER","All India"
"Coal","531","1172","496","408","10","2615"
"Lignite","24","16","54","0","0","93"
"Hydro","120","23","71","37","8","260"
"Nuclear","25","19","36","0","0","80"
"Gas, Naptha & Diesel","33","41","24","0","23","120"
"RES (Wind, Solar, Biomass & Others)","61","59","137","1","0","257"
"Total","793","1329","818","445","41","3426"
