"","NR","WR","SR","ER","NER","All India"
"Thermal (Coal & Lignite)","605","1039","407","421","8","2481"
"Hydro","317","21","70","98","26","533"
"Nuclear","27","30","45","0","0","102"
"Gas, Naptha & Diesel","32","45","23","0","24","124"
"RES (Wind, Solar, Biomass & Others)","64","137","283","1","0","484"
"Total","1045","1271","828","520","59","3724"
