"","NR","WR","SR","ER","NER","All India"
"Coal","495","1180","501","412","12","2601"
"Lignite","18","14","43","0","0","75"
"Hydro","120","37","87","37","8","289"
"Nuclear","30","25","40","0","0","95"
"Gas, Naptha & Diesel","24","34","19","0","21","98"
"RES (Wind, Solar, Biomass & Others)","71","108","150","1","0","330"
"Total","758","1398","840","450","41","3487"
