"","NR","WR","SR","ER","NER","All India"
"Coal","527","1248","541","464","12","2792"
"Lignite","15","14","44","0","0","73"
"Hydro","242","53","63","76","20","453"
"Nuclear","27","31","37","0","0","95"
"Gas, Naptha & Diesel","35","50","15","0","29","130"
"RES (Wind, Solar, Biomass & Others)","95","123","256","2","0","477"
"Total","943","1519","955","542","61","4019"
