"","NR","WR","SR","ER","NER","All India"
"Thermal (Coal & Lignite)","650","1195","604","448","9","2906"
"Hydro","230","29","40","88","24","411"
"Nuclear","27","24","36","0","0","87"
"Gas, Naptha & Diesel","39","50","19","0","23","130"
"RES (Wind, Solar, Biomass & Others)","48","104","125","1","0","279"
"Total","994","1402","824","538","56","3813"
