"","NR","WR","SR","ER","NER","All India"
"Coal","523","1095","460","425","9","2511"
"Lignite","22","14","50","0","0","86"
"Hydro","118","23","75","23","7","247"
"Nuclear","24","29","32","0","0","85"
"Gas, Naptha & Diesel","30","35","19","0","27","111"
"RES (Wind, Solar, Biomass & Others)","60","108","121","1","0","290"
"Total","777","1305","756","449","43","3330"
