"","NR","WR","SR","ER","NER","All India"
"Coal","431","1119","421","431","12","2413"
"Lignite","22","12","36","0","0","70"
"Hydro","131","41","91","38","9","310"
"Nuclear","28","28","56","0","0","112"
"Gas, Naptha & Diesel","15","47","15","0","25","102"
"RES (Wind, Solar, Biomass & Others)","58","108","167","2","0","335"
"Total","685","1354","785","471","46","3341"
