"","NR","WR","SR","ER","NER","All India"
"Coal","452","1034","363","383","7","2240"
"Lignite","16","15","54","0","0","85"
"Hydro","153","64","158","90","12","476"
"Nuclear","28","29","50","0","0","106"
"Gas, Naptha & Diesel","25","70","14","0","21","131"
"RES (Wind, Solar, Biomass & Others)","44","52","102","2","0","199"
"Total","719","1264","740","475","41","3239"
