"","NR","WR","SR","ER","NER","All India"
"Coal","564","1179","501","446","9","2698"
"Lignite","27","17","55","0","0","99"
"Hydro","111","24","78","28","8","249"
"Nuclear","24","31","32","0","0","87"
"Gas, Naptha & Diesel","32","46","20","0","30","128"
"RES (Wind, Solar, Biomass & Others)","53","44","152","1","0","250"
"Total","811","1341","837","475","47","3511"
