"","NR","WR","SR","ER","NER","All India"
"Thermal (Coal & Lignite)","446","980","481","405","7","2319"
"Hydro","324","15","48","95","29","510"
"Nuclear","27","27","45","0","0","99"
"Gas, Naptha & Diesel","37","45","24","0","22","127"
"RES (Wind, Solar, Biomass & Others)","72","168","258","1","0","499"
"Total","906","1234","856","501","57","3554"
