"","NR","WR","SR","ER","NER","All India"
"Coal","470","1013","474","416","7","2380"
"Lignite","18","15","53","0","0","85"
"Hydro","112","19","66","25","8","230"
"Nuclear","24","28","32","0","0","84"
"Gas, Naptha & Diesel","30","33","19","0","27","110"
"RES (Wind, Solar, Biomass & Others)","62","105","103","1","0","271"
"Total","717","1214","746","441","42","3160"
