"","NR","WR","SR","ER","NER","All India"
"Coal","488","1247","550","458","14","2757"
"Lignite","21","12","48","0","0","81"
"Hydro","128","50","80","29","4","292"
"Nuclear","24","33","39","0","0","96"
"Gas, Naptha & Diesel","31","39","18","0","23","111"
"RES (Wind, Solar, Biomass & Others)","73","66","164","1","0","304"
"Total","765","1446","900","489","41","3642"
