"","NR","WR","SR","ER","NER","All India"
"Coal","315","1134","562","479","11","2501"
"Lignite","19","14","51","0","0","84"
"Hydro","135","54","91","30","7","317"
"Nuclear","24","37","45","0","0","105"
"Gas, Naptha & Diesel","23","46","18","0","18","105"
"RES (Wind, Solar, Biomass & Others)","95","106","148","2","0","350"
"Total","611","1390","914","510","37","3463"
