"","NR","WR","SR","ER","NER","All India"
"Thermal (Coal & Lignite)","569","1027","416","399","8","2418"
"Hydro","307","14","58","76","19","474"
"Nuclear","30","30","46","0","0","106"
"Gas, Naptha & Diesel","35","49","10","0","22","116"
"RES (Wind, Solar, Biomass & Others)","83","210","307","1","0","601"
"Total","1025","1329","838","475","49","3716"
