"","NR","WR","SR","ER","NER","All India"
"Coal","507","1205","524","440","12","2687"
"Lignite","22","15","55","0","0","91"
"Hydro","119","39","85","29","9","281"
"Nuclear","27","27","44","0","0","99"
"Gas, Naptha & Diesel","38","40","18","0","25","121"
"RES (Wind, Solar, Biomass & Others)","58","81","125","1","0","265"
"Total","771","1407","851","470","46","3545"
