"","NR","WR","SR","ER","NER","All India"
"Coal","477","1201","598","424","8","2707"
"Lignite","19","16","51","0","0","87"
"Hydro","144","27","76","30","3","280"
"Nuclear","27","31","35","0","0","94"
"Gas, Naptha & Diesel","21","40","19","0","30","110"
"RES (Wind, Solar, Biomass & Others)","70","65","153","1","0","289"
"Total","758","1380","932","455","41","3566"
