"","NR","WR","SR","ER","NER","All India"
"Thermal (Coal & Lignite)","591","1218","633","386","9","2838"
"Hydro","301","54","100","122","31","608"
"Nuclear","23","27","34","0","0","84"
"Gas, Naptha & Diesel","25","84","24","0","24","157"
"RES (Wind, Solar, Biomass & Others)","66","65","143","1","0","276"
"Total","1007","1449","933","509","64","3963"
