"","NR","WR","SR","ER","NER","All India"
"Coal","518","1207","480","439","13","2657"
"Lignite","18","14","50","0","0","82"
"Hydro","119","46","90","34","8","297"
"Nuclear","29","27","44","0","0","100"
"Gas, Naptha & Diesel","25","32","17","0","24","99"
"RES (Wind, Solar, Biomass & Others)","70","90","156","2","0","317"
"Total","780","1415","837","475","46","3553"
