"","NR","WR","SR","ER","NER","All India"
"Coal","454","939","443","392","12","2240"
"Lignite","15","12","51","0","0","78"
"Hydro","208","98","114","137","24","582"
"Nuclear","27","31","55","0","0","113"
"Gas, Naptha & Diesel","27","72","16","0","29","144"
"RES (Wind, Solar, Biomass & Others)","55","38","132","2","0","228"
"Total","786","1190","811","532","65","3383"
