"","NR","WR","SR","ER","NER","All India"
"Coal","561","1113","445","399","9","2527"
"Lignite","21","15","60","0","0","96"
"Hydro","121","31","87","35","10","285"
"Nuclear","24","19","36","0","0","80"
"Gas, Naptha & Diesel","27","41","23","0","29","121"
"RES (Wind, Solar, Biomass & Others)","59","72","115","1","0","247"
"Total","813","1293","767","435","48","3356"
