"","NR","WR","SR","ER","NER","All India"
"Coal","507","957","375","344","10","2192"
"Lignite","15","11","49","0","0","75"
"Hydro","345","22","50","119","28","564"
"Nuclear","27","31","55","0","0","113"
"Gas, Naptha & Diesel","29","33","16","0","29","106"
"RES (Wind, Solar, Biomass & Others)","50","160","278","2","0","490"
"Total","973","1213","822","465","66","3540"
