"","NR","WR","SR","ER","NER","All India"
"Coal","467","1185","554","441","8","2656"
"Lignite","20","19","51","0","0","90"
"Hydro","152","24","82","28","3","290"
"Nuclear","27","31","39","0","0","97"
"Gas, Naptha & Diesel","19","38","18","0","29","105"
"RES (Wind, Solar, Biomass & Others)","65","77","145","1","0","288"
"Total","750","1374","891","470","41","3526"
