"","NR","WR","SR","ER","NER","All India"
"Coal","430","1219","636","467","8","2760"
"Lignite","21","16","51","0","0","88"
"Hydro","144","27","77","35","4","286"
"Nuclear","23","31","32","0","0","86"
"Gas, Naptha & Diesel","24","38","18","0","30","111"
"RES (Wind, Solar, Biomass & Others)","76","71","144","1","0","292"
"Total","718","1401","958","503","42","3622"
