"","NR","WR","SR","ER","NER","All India"
"Coal","563","1229","560","494","13","2858"
"Lignite","17","14","53","0","0","84"
"Hydro","272","58","74","84","21","509"
"Nuclear","28","31","37","0","0","95"
"Gas, Naptha & Diesel","36","55","14","0","29","135"
"RES (Wind, Solar, Biomass & Others)","80","110","188","2","0","380"
"Total","996","1497","926","580","63","4061"
