"","NR","WR","SR","ER","NER","All India"
"Thermal (Coal & Lignite)","530","1051","454","401","8","2444"
"Hydro","293","27","190","117","27","654"
"Nuclear","23","27","24","0","0","74"
"Gas, Naptha & Diesel","25","48","22","0","15","111"
"RES (Wind, Solar, Biomass & Others)","68","124","247","0","0","439"
"Total","939","1278","937","518","51","3723"
