"","NR","WR","SR","ER","NER","All India"
"Coal","645","1071","467","450","12","2644"
"Lignite","20","16","48","0","0","85"
"Hydro","362","11","36","92","21","522"
"Nuclear","27","27","54","0","0","108"
"Gas, Naptha & Diesel","34","51","15","0","28","128"
"RES (Wind, Solar, Biomass & Others)","61","111","287","2","0","461"
"Total","1150","1287","907","544","61","3949"
