"","NR","WR","SR","ER","NER","All India"
"Coal","406","1027","439","366","8","2246"
"Lignite","23","9","46","0","0","77"
"Hydro","295","95","154","124","22","690"
"Nuclear","27","32","55","0","0","114"
"Gas, Naptha & Diesel","38","45","15","0","22","121"
"RES (Wind, Solar, Biomass & Others)","58","77","168","2","0","305"
"Total","847","1285","877","492","52","3553"
