"","NR","WR","SR","ER","NER","All India"
"Thermal (Coal & Lignite)","540","973","388","411","8","2320"
"Hydro","319","17","68","95","25","525"
"Nuclear","27","30","46","0","0","103"
"Gas, Naptha & Diesel","23","36","23","0","24","106"
"RES (Wind, Solar, Biomass & Others)","45","109","284","1","0","438"
"Total","955","1165","807","508","58","3492"
