"","NR","WR","SR","ER","NER","All India"
"Coal","569","1098","457","418","11","2553"
"Lignite","18","12","34","0","0","64"
"Hydro","336","11","47","89","18","500"
"Nuclear","27","30","54","0","0","112"
"Gas, Naptha & Diesel","45","32","15","0","29","121"
"RES (Wind, Solar, Biomass & Others)","75","191","291","2","0","558"
"Total","1070","1374","898","509","58","3908"
