"","NR","WR","SR","ER","NER","All India"
"Coal","361","1171","532","443","11","2518"
"Lignite","18","17","49","0","0","84"
"Hydro","130","44","84","28","7","294"
"Nuclear","24","37","45","0","0","105"
"Gas, Naptha & Diesel","28","66","17","0","16","127"
"RES (Wind, Solar, Biomass & Others)","88","91","142","2","0","322"
"Total","649","1425","869","473","34","3450"
