"","NR","WR","SR","ER","NER","All India"
"Coal","511","1208","501","399","8","2627"
"Lignite","19","15","42","0","0","76"
"Hydro","228","48","75","92","25","469"
"Nuclear","28","31","38","0","0","96"
"Gas, Naptha & Diesel","35","41","15","0","23","114"
"RES (Wind, Solar, Biomass & Others)","65","95","185","1","0","346"
"Total","885","1437","856","492","57","3728"
