"","NR","WR","SR","ER","NER","All India"
"Coal","485","1262","543","471","10","2770"
"Lignite","16","15","50","0","0","81"
"Hydro","213","42","68","42","6","372"
"Nuclear","28","27","37","0","0","92"
"Gas, Naptha & Diesel","31","49","16","0","28","123"
"RES (Wind, Solar, Biomass & Others)","72","88","158","2","0","319"
"Total","845","1483","870","515","45","3758"
