"","NR","WR","SR","ER","NER","Total"
"Thermal (Coal & Lignite)","614","1090","531","370","5","2610"
"Hydro","193","20","116","92","23","444"
"Nuclear","33","15","41","0","0","89"
"Gas, Naptha & Diesel","63","69","17","0","25","174"
"RES (Wind, Solar, Biomass & Others)","14","37","101","1","0","153"
"Total","917","1231","805","463","53","3470"
