"","NR","WR","SR","ER","NER","All India"
"Coal","569","970","380","409","8","2335"
"Lignite","25","8","45","0","0","79"
"Hydro","352","92","136","112","22","714"
"Nuclear","21","31","53","0","0","106"
"Gas, Naptha & Diesel","38","59","15","0","27","138"
"RES (Wind, Solar, Biomass & Others)","53","92","301","2","0","448"
"Total","1058","1252","929","523","58","3820"
