"","NR","WR","SR","ER","NER","All India"
"Coal","487","1218","472","422","13","2612"
"Lignite","23","12","56","0","0","91"
"Hydro","123","53","93","31","9","309"
"Nuclear","29","28","44","0","0","101"
"Gas, Naptha & Diesel","34","35","16","0","18","104"
"RES (Wind, Solar, Biomass & Others)","76","82","159","2","0","318"
"Total","772","1428","839","455","41","3534"
