"","NR","WR","SR","ER","NER","All India"
"Thermal (Coal & Lignite)","516","477","492","417","8","1910"
"Hydro","299","16","50","94","29","488"
"Nuclear","27","0","45","0","0","72"
"Gas, Naptha & Diesel","43","13","24","0","23","103"
"RES (Wind, Solar, Biomass & Others)","50","151","271","1","0","472"
"Total","935","657","882","513","60","3046"
