"","NR","WR","SR","ER","NER","All India"
"Thermal (Coal & Lignite)","589","1201","606","437","11","2843"
"Hydro","180","29","35","50","16","310"
"Nuclear","27","18","46","0","0","91"
"Gas, Naptha & Diesel","46","60","17","0","23","146"
"RES (Wind, Solar, Biomass & Others)","77","116","145","1","0","340"
"Total","920","1423","849","489","49","3731"
