"","NR","WR","SR","ER","NER","All India"
"Coal","489","1168","511","430","11","2609"
"Lignite","19","13","48","0","0","80"
"Hydro","134","58","75","31","7","305"
"Nuclear","29","24","45","0","0","98"
"Gas, Naptha & Diesel","32","23","18","0","23","96"
"RES (Wind, Solar, Biomass & Others)","66","44","160","1","0","272"
"Total","769","1331","857","463","41","3460"
