"","NR","WR","SR","ER","NER","All India"
"Coal","568","933","413","415","11","2339"
"Lignite","22","11","47","0","0","80"
"Hydro","327","126","169","144","27","794"
"Nuclear","27","28","60","0","0","115"
"Gas, Naptha & Diesel","40","52","16","0","25","133"
"RES (Wind, Solar, Biomass & Others)","71","110","213","3","0","397"
"Total","1055","1260","918","562","64","3858"
