"","NR","WR","SR","ER","NER","All India"
"Coal","609","1277","619","462","4","2971"
"Lignite","22","15","53","0","0","90"
"Hydro","295","56","61","78","20","509"
"Nuclear","27","31","57","0","0","115"
"Gas, Naptha & Diesel","40","60","13","0","29","141"
"RES (Wind, Solar, Biomass & Others)","68","121","170","2","0","362"
"Total","1060","1559","973","542","53","4188"
