"","NR","WR","SR","ER","NER","All India"
"Coal","508","1085","466","407","10","2476"
"Lignite","17","15","52","0","0","84"
"Hydro","125","24","65","32","7","254"
"Nuclear","29","19","36","0","0","84"
"Gas, Naptha & Diesel","25","41","23","0","29","119"
"RES (Wind, Solar, Biomass & Others)","82","132","153","1","0","367"
"Total","786","1316","796","440","46","3384"
