"","NR","WR","SR","ER","NER","All India"
"Coal","593","1154","548","416","4","2715"
"Lignite","21","17","55","0","0","93"
"Hydro","115","27","83","30","7","262"
"Nuclear","25","18","36","0","0","78"
"Gas, Naptha & Diesel","31","42","18","0","30","120"
"RES (Wind, Solar, Biomass & Others)","57","57","117","1","0","232"
"Total","841","1314","857","447","41","3500"
