"","NR","WR","SR","ER","NER","All India"
"Coal","485","1258","564","448","13","2767"
"Lignite","18","14","46","0","0","78"
"Hydro","125","38","85","38","5","291"
"Nuclear","25","33","39","0","0","97"
"Gas, Naptha & Diesel","32","38","18","0","24","112"
"RES (Wind, Solar, Biomass & Others)","89","67","156","1","0","314"
"Total","775","1447","908","488","41","3660"
