"","NR","WR","SR","ER","NER","Total"
"Thermal (Coal & Lignite)","586","1127","518","366","5","2602"
"Hydro","169","20","98","95","22","405"
"Nuclear","32","16","42","0","0","90"
"Gas, Naptha & Diesel","57","63","17","0","24","162"
"RES (Wind, Solar, Biomass & Others)","19","25","121","1","0","165"
"Total","863","1251","796","462","52","3424"
